0,534404.264309922
1,534404.264309922
2,483644.23373943026
3,427428.25302039494
4,507911.96649260103
5,594109.0895972454
6,286046.2352787604
7,288473.5279176516
8,453427.75049175735
9,282337.3409867501
10,669707.4295778242
11,504273.104668131
12,506891.4984195205
13,312644.3363832062
14,359115.5113588292
15,721187.9517813113
16,811194.4772936237
17,593599.7493472284
18,605559.2463347993
19,184627.29836679855
20,640074.1837825085
21,566037.1431576695
22,1041407.9515512981
23,222987.96758881814
24,227883.41095770846
25,264656.74672281736
26,582209.4315535568
27,450271.9621684209
28,545085.6931115931
29,494553.9816231409
30,523931.29102336144
31,541399.2321421956
32,571987.048412126
33,428309.354173449
34,1001630.1916641137
35,753062.2007571423
36,156306.0138578142
37,577507.5961416969
38,900291.8037483448
39,233542.97859227107
40,319030.14308000926
41,512019.328813309
42,398424.30599733186
43,481878.0356879432
44,410092.9791272119
45,558157.8704042091
46,732120.1498625837
47,528333.6398559724
48,708515.6200071813
49,452715.6224580207
50,274932.67539931834
51,878914.6869237408
52,614483.9729561494
53,213957.2791702297
54,656269.0490289713
55,446763.9564967005
56,412372.66784995334
57,774171.142072614
58,183053.87147753598
59,530606.8251318573
60,586480.0232518694
61,505443.68006937986
62,400464.5575780362
63,959192.2016838614
64,512034.68146577844
65,402169.59325000504
66,787321.9509135197
67,474675.09315771883
68,478338.4687064223
69,638063.3396034229
70,761433.1961003556
71,578295.3818495463
72,755267.219380849
73,116034.11268571357
74,407989.792014363
75,738078.7315810525
76,754089.5807940669
77,222703.93320401222
78,297318.6810574953
79,455966.59378959815
80,418048.06196671014
81,713623.9288955773
82,510401.2039729695
83,613998.1884575387
84,801210.6291095669
85,379965.78902808967
86,621036.579382843
87,514687.7968503066
88,125120.02023928525
89,537279.603089473
90,295337.5381039523
91,426042.0514219293
92,426042.0514219293
93,575731.7644922413
94,379969.32680064935
95,724670.9607010651
96,547629.5215623366
97,357036.81241451507
98,527987.5922645282
99,550849.5422193415
100,438123.90132174623
101,687929.9416338303
102,155830.93642171402
103,339002.4704924171
104,50427.51957706467
105,364167.94669006113
106,722648.3834465216
107,554797.2413596284
108,269064.4148806174
109,206739.42258365155
110,679413.9755473564
111,1196567.8340367035
112,732042.2777931523
113,266868.3840703041
114,413247.5806289399
115,407765.96195507684
116,473521.0046233169
117,1115824.2656113904
118,562190.207896207
119,141431.17847406468
120,401265.014076453
121,783332.9170392121
122,1088583.591285256
123,601115.7312643566
124,617954.6090927081
125,323647.29714140226
126,286827.7122743062
127,511865.80247305677
128,366186.8504625431
129,180251.7032276136
130,451780.65999002685
131,123593.48596244922
132,275753.7219366175
133,611874.8180595316
134,238119.25128864084
135,547680.3680723474
136,685597.8580685098
137,373446.3861128263
138,305396.3211235333
139,455189.83504291327
140,352043.23975288967
141,588630.2299958959
142,164617.5648900069
143,427366.4420460975
144,744998.7594171972
145,440640.4897581384
146,200449.59521735954
147,529888.0215012158
148,327421.9647820195
149,298060.61343313305
150,316598.6361719535
151,518425.0529112247
152,630960.0274627254
153,638229.5162903535
154,851458.6563717616
155,594978.4042261097
156,594378.8672314301
157,566154.2485893472
158,273912.1768908424
159,565731.8918813727
160,620257.1685601259
161,366976.9460197012
162,261133.99063869592
163,606657.8404802323
164,375614.51355875307
165,518238.40539296623
166,546659.269940846
167,377993.60090635833
168,360327.8098294053
169,1114025.8521770537
170,139715.84892580908
171,429185.80253777455
172,549793.0502646735
173,457779.26884047274
174,491638.40701969835
175,663335.4705151893
176,413551.95404705044
177,322162.21114680916
178,252811.33524857424
179,294358.7573214628
180,1092835.989580903
181,771413.5475159381
182,921212.567768908
183,673770.0677692194
184,789639.2949673205
185,599002.9055314384
186,546610.4778385147
187,249980.431012068
188,582823.8549979778
189,287872.91193658405
190,358528.134334808
191,534179.012500426
192,380260.1744832054
193,380260.1744832054
194,377209.1862623051
195,380491.9250476038
196,481084.01073452836
197,620434.497142968
198,524998.7860753873
199,372473.4626575565
200,296593.18704807793
201,394510.110892564
202,386367.11996211513
203,755852.7112799748
204,778678.6429479285
205,272283.10228476656
206,234922.75559349635
207,395861.9452751534
208,809324.507389326
209,266215.7980658456
210,159636.6133109643
211,523876.70106593193
212,451333.4864354573
213,190415.74214544246
214,218396.13219154446
215,724428.1083154427
216,240481.18620645793
217,669364.9294018655
218,929659.7894995706
219,287615.96836128976
220,280453.6704785619
221,697296.8503826424
222,411046.4991837526
223,971888.5191919329
224,618575.3373505281
225,376539.0075010871
226,730349.9928433977
227,342900.59536105656
228,197588.74554030638
229,597191.9505004629
230,551342.5206891042
231,886939.470244724
232,679271.7706413452
233,174285.40249244496
234,338328.2179195669
235,533514.5638351426
236,582147.9156030058
237,653806.5084665782
238,195325.01045722002
239,424047.933134138
240,641723.2816678106
241,255330.65124553113
242,616815.4094927672
243,230660.83164425686
244,408104.2030611961
245,405200.74557738693
246,139328.56691036944
247,492746.2731430226
248,719363.9507420731
249,551718.9782341617
250,418873.54335416516
251,690126.2332143411
252,366720.2082144115
253,349361.19549754186
254,399757.7698282114
255,519358.4142926169
256,451404.086690636
257,391835.133189847
258,487904.04792157153
259,410428.45791149524
260,448585.0443537928
261,753824.9646571465
262,589052.3405585116
263,540297.4067513172
264,263028.0388073011
265,466183.99816381355
266,410062.8503282438
267,282826.9437517016
268,1220088.8175879803
269,314618.7941544276
270,905914.9797092157
271,924060.6135022545
272,137227.2930204771
273,637028.6655909718
274,606817.2821719517
275,466566.9611624113
276,915768.3524055814
277,319968.38455292396
278,416906.00114220654
279,844738.3512847434
280,851796.3835513671
281,485085.98896059464
282,262593.67012151546
283,271797.1185822064
284,623600.1553266185
285,798586.6608207675
286,301317.6749571097
287,378854.56895409606
288,376334.73621056136
289,480694.0424611425
290,67711.05176740268
291,67711.05176740268
292,751598.5857253283
293,171937.32238015358
294,452679.3324518176
295,737174.4594044528
296,710697.7460717906
297,475034.7119024582
298,767980.0964903272
299,480561.2420600289
300,514054.71664244594
301,387853.54666157276
302,381296.83648685087
303,777797.2117420799
304,828806.1971340564
305,401061.4691505107
306,898685.4200906993
307,600119.9637620656
308,265906.46863528143
309,223624.9696177051
310,902375.7358195249
311,784552.6912044752
312,93255.0704880475
313,93255.0704880475
314,93255.0704880475
315,150599.643303412
316,547846.9854272235
317,408525.7738720088
318,855243.4157819636
319,434573.2393467482
320,296985.53732647415
321,299227.0502996847
322,583359.1802454588
323,206053.15839879
324,230782.76370606723
325,246469.23834886792
326,460339.5859179661
327,242044.08307551462
328,453122.72909813066
329,500937.39950215933
330,187610.48500183102
331,411179.72725353815
332,624581.8611684956
333,95529.7947958897
334,374842.42047652585
335,530231.6094676108
336,751915.0096363621
337,417271.9438509989
338,212656.1657407289
339,876636.3369060274
340,645328.6309601611
341,234666.37275857962
342,734777.5902678109
343,601764.8853048279
344,450894.379921164
345,367136.7797646007
346,373847.35246479354
347,496890.87931515306
348,733004.3162275134
349,369920.95249746175
350,710718.367815375
351,480126.60066461505
352,533202.734850638
353,538840.9439660559
354,299362.45999849477
355,240908.79813215043
356,592830.8786988646
357,1041279.1813927637
358,809821.7108995384
359,838728.1464371806
360,541501.0319188931
361,239824.4061626798
362,409775.33436312195
363,595388.0948546712
364,531080.0140716532
365,707504.8829956474
366,572916.1669044816
367,767583.996063002
368,278377.4496872438
369,344689.3288345165
370,716228.8516877427
371,260747.73541196558
372,387617.7651039624
373,504071.31540890626
374,241425.429630097
375,797065.578067881
376,748765.1931943968
377,555136.352250555
378,526773.6360892026
379,419990.52971028525
380,630714.4131466516
381,529002.2765415732
382,595759.4587583822
383,204503.8387666546
384,499598.3575423535
385,358629.287589725
386,540432.0846636945
387,798668.6612048722
388,742496.6853414888
389,994015.4956427633
390,391767.2533768698
391,767316.2202635773
392,698900.4288829113
393,634188.1941881677
394,300588.4418556415
395,343658.8130028158
396,688079.7739139579
397,482688.6563034559
398,655085.9412886433
399,660107.2527427087
400,877286.2410625179
401,306236.8662875609
402,579825.8855670079
403,299656.44641779386
404,279386.29000885994
405,311882.08847215684
406,606460.7071040698
407,410371.3710111993
408,332885.6564566126
409,529416.8392858228
410,383468.6523824093
411,402914.0167567256
412,494480.1012586936
413,715826.9536002545
414,273569.4840753963
415,544230.5784539977
416,140698.30041198322
417,676959.3906093515
418,339077.07980265236
419,763586.8415786962
420,431315.6009507269
421,754798.8036489043
422,561554.4034838589
423,669626.0131173508
424,202925.06637991965
425,400250.78530746774
426,503538.2272220085
427,189092.15693510772
428,420154.76352761046
429,453019.488675342
430,463647.66653288587
431,776588.4230295774
432,239814.59299066765
433,705047.8002517268
434,444354.5100039585
435,521122.60199685965
436,510649.37730389484
437,780841.3789435233
438,492276.30206671875
439,471625.6681779342
440,597322.3333870964
441,489937.96127901046
442,580929.9399996458
443,465514.16290643055
444,760696.8011721419
445,361611.9161212628
446,293642.19006323174
447,427621.94743094605
448,418001.1894400548
449,403566.905644408
450,395699.91025028325
451,772469.244787537
452,698627.832948938
453,660766.2173640813
454,679175.8120289255
455,291432.32785237255
456,472688.97465782095
457,362897.0123738954
458,628846.2910066338
459,351089.6751893959
460,434932.39105297986
461,150599.643303412
462,725780.799971079
463,161702.46763098816
464,448297.749456337
465,590837.9815161062
466,1011982.7717957825
467,479814.95010130265
468,416578.1812574635
469,472655.9971664943
470,404918.8581629476
471,406631.96188444196
472,227639.45490540005
473,599808.6199572907
474,599808.6199572907
475,381703.8159781636
476,570436.3151017203
477,951289.774647648
478,303187.30886755855
479,557795.9154933466
480,814826.9906423879
481,260867.20852447697
482,372991.8003403806
483,503228.2241061509
484,675032.6754572882
485,546991.6956490424
486,725429.1319205656
487,270418.0474668459
488,829752.0565916374
489,681824.3031441302
490,748409.1898662624
491,495927.28075254173
492,105387.87824307772
493,373316.97129818704
494,254732.57805956097
495,576078.1666443697
496,661421.676232201
497,730595.3853096076
498,337871.71810738684
499,391116.6217304435
500,280754.1863280535
501,713789.0954530537
502,385022.91465735936
503,430565.661756077
504,531181.7909881233
505,517091.7581434937
506,445056.97745653655
507,331678.963378654
508,354885.0410401064
509,349898.56553217396
510,383624.2328726126
511,430688.7517394094
512,517549.58014160773
513,560499.197080808
514,605850.595450075
515,455389.86605414114
516,508953.68182168383
517,241018.0068851019
518,482001.4485598668
519,568398.4459200158
520,254586.08900841023
521,214302.57559555708
522,622761.848972394
523,646053.4448856504
524,334409.05821097357
525,766025.4430132797
526,638209.4329182658
527,625287.7537803861
528,507622.0384627421
529,212386.54883650877
530,260471.8739422784
531,562627.9863089091
532,543166.2275323423
533,598849.7004665518
534,364663.09153800417
535,459880.5938812192
536,245460.71937204676
537,826154.0899261631
538,716207.6164768386
539,524030.56298421684
540,380568.98867464275
541,610653.1417189984
542,580208.2548984864
543,522806.9935580822
544,618649.27244322
545,510739.89860397094
546,269170.0234953866
547,528787.222774324
548,1161102.360304922
549,299934.20781758823
550,173367.2365860163
551,140052.4811423747
552,428302.2651192521
553,289563.801025288
554,768606.9188705513
555,150162.26491165167
556,616990.0421205806
557,151804.23636061756
558,462722.421840563
559,485379.9479868225
560,626934.054213575
561,560410.9196342574
562,560410.9196342574
563,415512.5143165182
564,787114.4664106795
565,604605.727121939
566,549055.3270598935
567,371084.24223989865
568,646949.0827765928
569,646361.7790177435
570,464981.02798106155
571,460611.4552003447
572,271024.4011502861
573,623787.1497923814
574,417321.9078863267
575,458767.3867085663
576,677568.535956226
577,297744.54066776484
578,249734.81684941062
579,351040.8630800159
580,459879.20996365615
581,410438.8069140683
582,754314.4275793609
583,274021.6971910354
584,318829.0506077752
585,539757.2517158245
586,495920.663233863
587,293719.2387294492
588,509809.6321516121
589,611724.4372566491
590,399730.3975373614
591,415662.9214078718
592,469242.09450198
593,508257.9058678987
594,346186.2059582081
595,657940.9828125269
596,187283.79651291348
597,257519.0772247031
598,693337.4955187053
599,562455.1910131137
600,444140.1343362994
601,645383.9687437572
602,227267.18358526553
603,385814.9763257904
604,630302.9335799796
605,704615.2409797921
606,337339.42791442864
607,879556.283545743
608,393819.1179481922
609,1602103.1524480982
610,611102.755447139
611,201586.8972099286
612,934275.7825443379
613,792199.862899651
614,944693.6362030676
615,621901.7418588088
616,210827.45312628974
617,279634.48277521523
618,447393.23854901385
619,454527.32911532064
620,564977.3490223467
621,490355.38540782814
622,354375.6808784309
623,346651.9777821604
624,311743.3727341883
625,288270.81955768017
626,716994.2827465556
627,449069.3933026393
628,319432.8759650164
629,851482.4977706148
630,440536.65971909295
631,459185.83491649746
632,218390.692654419
633,591943.4405563467
634,537818.9669699442
635,566302.9752091117
636,279668.65045236656
637,300883.1079599693
638,439285.65402003593
639,345413.41503700404
640,966602.7897990227
641,514745.54767495673
642,644811.3948708957
643,222587.41102626058
644,226987.1548856176
645,739264.57887905
646,432179.32915904466
647,404378.7513694598
648,745395.5923099415
649,474352.14521766914
650,558568.063655562
651,988258.13544014
652,548761.6963327059
653,244209.57486507512
654,739717.1143332757
655,315904.7570519278
656,213837.25282152847
657,349032.06641471596
658,501812.0430247235
659,761677.5735873748
660,264627.50324020314
661,476780.8327985614
662,745872.8993233771
663,545227.2241866462
664,378108.09906445944
665,568035.4727347996
666,822906.5824182616
667,494327.277316761
668,766136.6295724951
669,140330.05351925676
670,939175.1021624216
671,250889.44379848125
672,776432.7395593581
673,556326.8774922817
674,158543.63505420968
675,377109.51795141405
676,322085.55942047935
677,587272.2546205812
678,354248.92294757266
679,460135.58149304474
680,624268.7850871858
681,380363.09654190467
682,434520.41544051626
683,459376.11561684916
684,336868.8287408866
685,482172.94400874886
686,374082.86140502925
687,321461.87848322385
688,551004.225162325
689,540850.6834276969
690,1272641.173958996
691,377905.251070126
692,450580.80354835535
693,346238.50526798854
694,316391.0151218504
695,462050.0529940567
696,296718.24037358706
697,445135.2552965435
698,305984.4231789857
699,593790.4853812258
700,452870.2548251716
701,330416.0921313646
702,472844.45089498174
703,405772.3736438295
704,437231.5298675372
705,1248716.9874995935
706,222726.69570027306
707,666339.2952830953
708,245170.54580252466
709,598416.8254152659
710,198192.20849904837
711,549629.2679295358
712,778385.664207094
713,470402.06936851575
714,939927.7919189119
715,916809.9706503458
716,226898.05402826596
717,646757.6993404509
718,288751.4215584424
719,499772.5376795811
720,600459.4185834334
721,637077.1740556594
722,563992.9517454633
723,331944.19705984264
724,305649.43136639893
725,659680.3025239208
726,377504.94136053795
727,443737.3363671043
728,324167.3091932616
729,295134.80598423036
730,272678.16658215964
731,570827.4921363402
732,579355.378419846
733,731119.3950654103
734,709689.9446855166
735,629914.1628801754
736,528654.5341087914
737,477469.8298932527
738,314351.21477070334
739,499375.62381702143
740,482858.494167105
741,607761.0622385109
742,100991.27006734838
743,533387.7092717512
744,577224.296449741
745,293581.6322425235
746,372697.22959488526
747,510746.43697528244
748,308573.874681687
749,312755.80618814356
750,402806.59970789275
751,707822.0712122419
752,294924.0148969018
753,387415.46094762714
754,278751.81137965375
755,492387.4879150858
756,347496.8225407815
757,288689.4320451438
758,557547.0826387076
759,268224.4475138252
760,756351.848800719
761,425801.70343221765
762,14417.250310720934
763,593560.962989314
764,404022.8513948789
765,557362.6879655927
766,785511.0820123432
767,985504.419080443
768,253616.29224370446
769,138624.7543280298
770,629964.0427113231
771,488871.580187096
772,517953.5399469575
773,296140.3235442062
774,227934.8515008674
775,337822.0130284787
776,612617.9259304493
777,507209.96781403373
778,361886.7570572023
779,1116263.4865997455
780,527059.2221794749
781,861406.4219984086
782,739539.6793431283
783,847119.6914520474
784,285946.17698895244
785,1047411.0244138238
786,436693.3756974838
787,353034.7587436391
788,374859.84796714596
789,766662.3039892497
790,529045.40406742
791,225888.8608560738
792,600990.5513897014
793,785168.9370997176
794,131153.6654318351
795,471647.7187261706
796,620915.3240515642
797,727692.7838383253
798,417606.7035452936
799,287255.62085949245
800,287504.14972174715
801,453116.4454558094
802,113871.894916519
803,467426.81082339433
804,354285.5217681281
805,553709.0904761583
806,278840.5549228956
807,641116.470454379
808,800896.8011167313
809,214269.67865753773
810,619922.7785250264
811,1262914.4751959646
812,265669.85991659976
813,621959.3949517504
814,444581.14754357986
815,553655.8278379925
816,176243.4830655352
817,354312.51866056555
818,218565.4858322289
819,699112.6120446878
820,232349.6846822646
821,787001.4566732785
822,200720.02313381294
823,326037.2941599913
824,628821.2927279844
825,535451.5419412181
826,377140.4408905128
827,576984.0342185249
828,571663.5573658396
829,638638.5756018627
830,837546.0698802182
831,559119.9300072364
832,559208.5391986932
833,197674.83445222228
834,237884.28366383168
835,251445.90344246957
836,258723.80754701962
837,582944.9051055529
838,447251.12440378
839,366104.76815048954
840,740095.9519154145
841,510805.8367433971
842,552235.2095564881
843,826801.8306406301
844,403094.0612627261
845,538998.408036942
846,471191.14115722285
847,488355.93167788885
848,758007.5766911152
849,590367.2410105538
850,441645.3395408871
851,269624.5916674617
852,518847.1952101517
853,508295.87650171993
854,648335.4526744743
855,403998.8884425699
856,1291281.166723421
857,438838.17248033715
858,428381.8325429378
859,599331.3646939283
860,376412.7095753132
861,447175.7875219349
862,768497.4145069262
863,391727.0886032996
864,728847.6823950306
865,416354.65974610014
866,453114.41830650903
867,371202.8059630806
868,737092.1811107665
869,401099.44211731135
870,369021.81834951893
871,648329.8638341506
872,319428.6143679536
873,650769.9085104782
874,391638.56232182996
875,235355.59674142094
876,203632.3866001431
877,400413.463158447
878,220448.29481966802
879,638354.4619088866
880,478710.74417521636
881,479606.54151893384
882,174797.37865709967
883,478058.2913226712
884,486831.51146035286
885,593412.5676206864
886,215226.08760526098
887,715947.4516289497
888,431268.7684169478
889,555606.4378206817
890,582749.5445965055
891,271120.7847532914
892,623449.6205054006
893,924807.7148172942
894,373277.3254941055
895,748912.5227876328
896,331496.2401250377
897,209852.6566830293
898,690027.8525297352
899,738995.4352552879
900,371737.55806572095
901,233197.73759194365
902,430328.33769725193
903,517631.06174520607
904,430216.1133642804
905,630389.4732311302
906,851657.7285587478
907,398826.0106240433
908,491762.24560504133
909,1265540.610953239
910,978345.0043536485
911,476448.69327840616
912,1000363.620900576
913,271511.68208909186
914,672707.5514361402
915,390252.2419446009
916,1148854.8520798257
917,564457.5093731967
918,1211989.942110195
919,881102.9197039768
920,247697.58375780142
921,484136.4550140539
922,364784.94210481853
923,456290.5538979634
924,305740.6231789151
925,361178.5408569933
926,592895.0836013069
927,432840.33386804216
928,356188.92363077844
929,286949.6918102843
930,262642.3779455654
931,244214.56577619637
932,642656.4441479419
933,608047.6217757089
934,462956.62348735135
935,477534.6932961059
936,1101084.8233011349
937,482554.9883825686
938,175550.91306546953
939,466941.3794345761
940,281515.4451515315
941,256230.83152888197
942,538348.0905619868
943,467340.7126046373
944,467340.7126046373
945,372179.17064062855
946,452261.3932587203
947,543922.8801656091
948,719655.6019215815
949,535858.2265181536
950,727015.4166581597
951,573846.6709955975
952,456078.87819402735
953,537750.4043746922
954,339117.63030434866
955,457356.89051950746
956,344434.598975211
957,300206.9337790468
958,742952.3464007948
959,474384.8518758618
960,482339.99974678626
961,349819.80077165586
962,552961.4770239027
963,475475.54767031205
964,356113.8515968749
965,404502.028233568
966,912823.9708923264
967,558741.413800844
968,300411.6727693769
969,527481.8046480146
970,605402.1680420997
971,652577.1259801313
972,236649.92286887686
973,466597.27076947264
974,436634.6925648061
975,204411.17054651328
976,1112504.943955478
977,413134.0002883271
978,260111.12781980337
979,493716.31287808163
980,131761.0106061119
981,202296.6009453513
982,734516.5087916974
983,806891.2705555547
984,446776.10779692174
985,476582.19443088025
986,407526.2769322018
987,536005.4741318907
988,316054.9609070506
989,496103.966870735
990,672938.1680318457
991,782477.1908117572
992,388745.51408471016
993,501377.37536671554
994,244692.5094615553
995,450089.30008953414
996,614712.8176895592
997,1088731.7240262404
998,652272.8054813565
999,362581.44662798673
1000,332840.67228548136
1001,774638.1174277405
1002,396220.88147468877
1003,335984.4382759889
1004,555608.1208919648
1005,394212.5724413988
1006,138529.3584434922
1007,529623.231698607
1008,450923.90170344
1009,570252.8808791509
1010,645989.0486031353
1011,498442.1365058087
1012,1400132.2266844846
1013,279400.0568613295
1014,941838.4480237411
1015,419676.0429001462
1016,517613.96686772467
1017,561833.4433544031
1018,361611.42428474105
1019,552503.1176059339
1020,526438.9526394864
1021,553434.1270498649
1022,484980.2464583755
1023,738428.8060945303
1024,427665.8919532047
1025,343404.1082488819
1026,660442.5132540702
1027,616602.4188858771
1028,499198.9531543969
1029,740933.8412854304
1030,426442.73690516484
1031,180892.6462573433
1032,639736.2804253284
1033,154023.1367119309
1034,758683.807212062
1035,225696.82055286888
1036,312158.8488473192
1037,785711.5650042832
1038,1224299.852939185
1039,450058.01164720306
1040,562422.1088920597
1041,562717.9577005389
1042,449119.13657298876
1043,578843.5575632772
1044,505126.1128245616
1045,557613.4386810068
1046,314197.6816625657
1047,659005.0748010388
1048,320563.25021565764
1049,374754.09891279147
1050,456361.3129440517
1051,540844.9118203723
1052,533332.7389066073
1053,366858.0763159052
1054,328594.17970678536
1055,215006.5395266992
1056,645188.6975415368
1057,334814.5851000097
1058,289882.4979394777
1059,479210.32737959595
1060,762796.457594475
1061,269593.71319236874
1062,275073.4863965509
1063,323995.4235960565
1064,494307.5717381722
1065,495461.4005733497
1066,261682.2698666584
1067,815662.8039902308
1068,598870.4914226901
1069,288874.3537824216
1070,449298.62666608195
1071,225172.190094656
1072,673805.6181940143
1073,608031.2006354277
1074,227162.13550448345
1075,604489.1372375923
1076,1169162.4403794655
1077,846443.0290989513
1078,478646.2628033962
1079,456996.14078527526
1080,308916.12754342315
1081,330460.2365013392
1082,480543.1848048187
1083,656074.1214385616
1084,217629.99597542913
1085,911595.462468647
1086,274098.4372076719
1087,399244.1788123117
1088,748246.8973592761
1089,101860.60422809282
1090,196876.01039500866
1091,405826.6081654613
1092,982677.9528400062
1093,406030.74065720645
1094,621959.0682051562
1095,405468.8268517321
1096,351696.78190590016
1097,626490.5434270597
1098,552746.7890878787
1099,589793.6588385209
1100,621828.4350925384
1101,193993.97215475177
1102,773604.8434286008
1103,888515.9816757987
1104,307062.022232561
1105,648792.6364043888
1106,321401.97670270165
1107,248899.32211099175
1108,230034.02033694874
1109,316010.85558032384
1110,937118.8861867895
1111,525410.3727547902
1112,690958.0886390782
1113,207460.8643599817
1114,709448.1032856513
1115,631101.4518710317
1116,311641.75788722385
1117,709942.4722966491
1118,739184.5781399612
1119,1345773.8508154987
1120,559962.1658206542
1121,563424.4021997335
1122,1126995.856074286
1123,398168.94389925944
1124,908264.5635167495
1125,843455.9445512183
1126,488427.7340783489
1127,234024.46343750245
1128,595554.6585953275
1129,297532.9293710867
1130,457683.76990366133
1131,247887.4350833924
1132,147881.84733048786
1133,593906.8515223977
1134,239194.12406916163
1135,367843.3474211669
1136,707354.821449369
1137,1104879.4140377925
1138,576096.8815531295
1139,316722.7704973991
1140,442318.04685909976
1141,505079.5971814967
1142,1117660.707872275
1143,240354.68485435113
1144,697794.8764037294
1145,561289.7294333678
1146,246068.34968162907
1147,748845.941888731
1148,567594.5769885638
1149,389539.4797068551
1150,360268.3055523413
1151,368067.31106852903
1152,624918.7355110841
1153,715700.8594733903
1154,475166.81481793476
1155,401623.36029759847
1156,272550.6191400479
1157,623557.0560900696
1158,333043.87716786726
1159,439732.44392293924
1160,346373.56500367
1161,759210.3319425744
1162,323478.72329382895
1163,201486.20886394393
1164,828221.1689062485
1165,1227273.028827236
1166,270787.72441403114
1167,512895.56075845246
1168,560264.6833507506
1169,343323.18088611495
1170,901434.0389652599
1171,847998.503298051
1172,259999.70127690554
1173,435090.7786763919
1174,166939.5029203879
1175,601457.083247726
1176,264649.1645210524
1177,381719.0164875141
1178,116355.52433418372
1179,329736.64675655984
1180,181295.29763649253
1181,701713.6595387342
1182,285836.0712399248
1183,619963.3944617981
1184,571522.9889048466
1185,579671.1045877609
1186,358855.5487687445
1187,1589200.8867592465
1188,193378.8502049002
1189,435224.1906830877
1190,388698.6592271646
1191,135248.68109437474
1192,1351316.0987555594
1193,580568.2884729472
1194,319408.1556949541
1195,639896.4602459625
1196,290333.88979227166
1197,461701.655931905
1198,538303.5947199797
1199,486001.9417060415
1200,580065.5255721455
1201,583256.8906129567
1202,580614.5714512205
1203,547043.9841024012
1204,605011.4889919645
1205,679823.9023180762
1206,328506.11893483787
1207,301370.2292815857
1208,148350.16068846075
1209,633242.5835178605
1210,392054.74140996294
1211,513423.44074896496
1212,481385.95045144006
1213,515469.99396420096
1214,427781.7562034678
1215,658015.1068911327
1216,368590.8060530053
1217,551507.1217338725
1218,119812.0583699111
1219,691905.5500317977
1220,394227.2209153396
1221,1115067.7461980283
1222,768281.9798382767
1223,310670.75791160204
1224,302968.53811227344
1225,508136.94258393877
1226,801736.3037889032
1227,512844.15060136537
1228,334962.69521311787
1229,854587.9134576323
1230,743007.9654038938
1231,559126.899008756
1232,335211.8946681875
1233,612821.1887768456
1234,418042.4097585627
1235,641211.1263153795
1236,524127.05129660247
1237,305799.2680283368
1238,181379.55222517933
1239,857354.5550504283
1240,459436.87479895586
1241,395667.4292557838
1242,339219.1844940848
1243,615502.7538335752
1244,552866.7127327045
1245,966323.580141763
1246,653731.9937595392
1247,234698.35502431792
1248,478389.00547037495
1249,540888.3812168073
1250,494592.4976398053
1251,483187.39969896723
1252,606775.7519381136
1253,808795.0071651177
1254,487210.460604555
1255,300402.7451974595
1256,309527.08694389334
1257,585687.5002543777
1258,708910.8241823543
1259,188063.16354830627
1260,553147.6172657402
1261,550481.3744160511
1262,701750.9055866441
1263,281588.6341182656
1264,611465.1026819812
1265,853623.1967837225
1266,1280337.347601176
1267,594945.1685909162
1268,202618.94683981978
1269,532199.3526392727
1270,499828.96226442506
1271,412036.1155599001
1272,549117.2077588275
1273,699471.5651329646
1274,178105.6762178563
1275,178105.6762178563
1276,162632.38693247573
1277,524947.8223604206
1278,751800.8260596186
1279,415345.1027960502
1280,628461.8003893744
1281,199058.91305297386
1282,280230.86979435454
1283,714673.7301940672
1284,439683.70055628225
1285,675105.2586837612
1286,297288.9183631545
1287,348751.19623525045
1288,296158.7051650987
1289,194017.3059330599
1290,439515.16322395566
1291,426148.8452588337
1292,497079.106610536
1293,647870.5484704236
1294,262616.80461696663
1295,553336.5857920963
1296,266340.536780145
1297,218743.47530884985
1298,751286.5865771857
1299,678729.1118262192
1300,285007.8286553655
1301,471877.8692271757
1302,490558.27515354654
1303,495662.65830621746
1304,1139680.1227180914
1305,168934.77019872633
1306,609251.3046300269
1307,427892.3341105711
1308,320122.75760907173
1309,663502.8554760012
1310,149211.98398532905
1311,492564.44682244764
1312,379701.2076865266
1313,770895.7557868706
1314,484827.9345381379
1315,270791.4636939456
1316,939076.6685134007
1317,994594.566771022
1318,435023.05418951664
1319,572758.3667492453
1320,224971.01706485735
1321,336303.3793572085
1322,430458.73620496434
1323,484764.7817240491
1324,548808.8812484898
1325,498751.3446084528
1326,344177.87833646085
1327,517309.8658020597
1328,462124.53610381694
1329,622080.35900795
1330,292404.43809792155
1331,541802.0400453343
1332,437144.89497046906
1333,549875.208355326
1334,615005.467007491
1335,573208.1678106785
1336,980967.7339087512
1337,268453.1007894288
1338,943727.1894698092
1339,407165.74507946486
1340,592285.3541133062
1341,978115.8393987638
1342,700089.5801830308
1343,553185.0268880011
1344,573288.2239287924
1345,148324.58476619248
1346,689122.1003699969
1347,173349.40831264795
1348,604831.3780104613
1349,423057.15729070414
1350,548960.4945733672
1351,551980.1125759076
1352,412775.1756324559
1353,801707.264624162
1354,397449.69359641586
1355,433419.51317034964
1356,244220.39087572406
1357,470871.1129114582
1358,431009.4331987547
1359,519742.80444159807
1360,513859.61312272964
1361,726277.2681574496
1362,526731.789732756
1363,365423.25484199205
1364,253024.53106003377
1365,850502.8158606321
1366,613623.6006635382
1367,190542.82740473188
1368,554635.4103219896
1369,592999.9838049749
1370,468542.3142640721
1371,690679.9371997317
1372,431376.0419280159
1373,516161.3454642099
1374,235926.60014128883
1375,459531.214329178
1376,608388.2141489584
1377,531134.7225675201
1378,390503.11399695283
1379,493991.5293784719
1380,767476.0724668159
1381,367672.34347442316
1382,420305.7543408614
1383,528866.3269683436
1384,316048.23269256717
1385,879268.4790333711
1386,470498.99012894154
1387,281915.6038020885
1388,437042.9764183468
1389,288027.8863827698
1390,681623.6501196241
1391,237772.21213695497
1392,445189.03291814984
1393,485637.69269665185
1394,455591.0725156057
1395,471933.180814806
1396,646995.8192241513
1397,423387.4271658833
1398,647796.0354695336
1399,449919.11970791203
1400,487600.9393703275
1401,267179.893181938
1402,554213.6323545955
1403,259142.99599409447
1404,786570.273076637
1405,550420.6915156596
1406,637372.3378047519
1407,363519.3123259752
1408,384888.9620895183
1409,432772.49010074046
1410,685968.435806868
1411,737976.126939914
1412,397927.7288445217
1413,463694.4487200098
1414,463694.4487200098
1415,328885.4315717989
1416,328885.4315717989
1417,331507.2018039565
1418,699673.5879561035
1419,506045.4622347342
1420,249107.44596104606
1421,196707.58103934012
1422,327832.9663840957
1423,295748.6142053312
1424,524235.375281198
1425,899983.8772885163
1426,808020.4515880186
1427,127793.29346126033
1428,761820.3774291247
1429,379578.4050951353
1430,282055.8408651026
1431,647015.9681659287
1432,810425.7366555391
1433,125012.29822349746
1434,431041.8011419567
1435,309855.4840175912
1436,573852.278495826
1437,213956.07782802416
1438,172411.45580720546
1439,304033.36246254493
1440,676458.7111404703
1441,799380.7905318786
1442,448083.42853533116
1443,461779.7124547735
1444,513800.6350936289
1445,270993.84307651327
1446,514092.78746987035
1447,394928.5813973145
1448,310970.0024845066
1449,305567.06746129214
1450,570866.1240042029
1451,513846.8624447762
1452,218171.98801518488
1453,499935.60694608913
1454,748195.4585757437
1455,194431.2884442269
1456,650451.7975597796
1457,265975.4334383918
1458,828375.0047321818
1459,224796.9462140319
1460,602441.9501823909
1461,185522.366066798
1462,681933.1036126183
1463,434001.9649158849
1464,625530.5091697192
1465,585390.0004808177
1466,760110.9381749231
1467,675949.7858546167
1468,682714.785096296
1469,551761.160284342
1470,727067.32605752
1471,576869.9286646097
1472,325244.06251282286
1473,325244.06251282286
1474,687255.9931044943
1475,455619.40376068995
1476,513359.12891629874
1477,558310.6628726103
1478,1280039.3420612763
1479,620033.8542554975
1480,934514.3156795253
1481,315828.0125018436
1482,256205.02997146067
1483,299651.44194684096
1484,568177.2586083153
1485,803266.2918421573
1486,1020533.1125749818
1487,467090.1513780396
1488,208606.82208859993
1489,792432.923202658
1490,470427.90741779894
1491,501875.44350553514
1492,1027357.2370598691
1493,626824.3973370581
1494,444961.8757896554
1495,574631.2593655416
1496,201051.5321651873
1497,697888.3156219318
1498,402730.5988006898
1499,558779.492131102
1500,511569.11019399617
1501,1059555.3870127494
1502,690382.240291253
1503,1375879.2242396614
1504,667707.9957164628
1505,474050.11826917407
1506,516241.2734165452
1507,279480.10604278545
1508,549644.6837074282
1509,335900.13594441063
1510,597354.4105900472
1511,301811.21659431816
1512,623189.9464716027
1513,445544.98055508477
1514,410281.85033979616
1515,534814.3754047011
1516,889163.268780639
1517,479557.86936993885
1518,229821.559646555
1519,423575.79058041365
1520,563854.5564838316
1521,125361.1639946471
1522,434373.261258736
1523,543760.2250610831
1524,744393.886776298
1525,565821.4049883483
1526,195714.7241022446
1527,579218.7819967731
1528,567725.8055387338
1529,520333.016215434
1530,478339.2924539463
1531,497977.97972090886
1532,554897.5018723712
1533,592273.1281604028
1534,506464.12331941805
1535,570337.8821157634
1536,611429.7825895809
1537,672747.1048913162
1538,1022721.9587115394
1539,700088.8056074801
1540,473747.588697719
1541,754962.1495615096
1542,742286.2047351082
1543,505831.8889619216
1544,327875.76061881194
1545,383320.8763022168
1546,610435.7595620356
1547,171757.11995870125
1548,500514.7955999206
1549,299773.1955914384
1550,443862.00582157064
1551,233335.2007087266
1552,484591.92346560303
1553,558411.88473582
1554,710296.227527518
1555,628007.981216098
1556,420691.43745451595
1557,290435.4317651036
1558,783052.8062120986
1559,701567.6265071089
1560,788623.1737309613
1561,574573.3528726868
1562,370085.67079176876
1563,530752.6089156887
1564,508653.3104224847
1565,391997.91839749215
1566,212706.42872287906
1567,533594.6521620542
1568,233060.94322386806
1569,281726.166085891
1570,696485.4543912073
1571,769916.3284299462
1572,660271.551056828
1573,354432.8563993312
1574,581527.2382803669
1575,224437.47052204562
1576,915155.2929872151
1577,637198.156521082
1578,807721.8075162483
1579,435828.52347287815
1580,509374.9138723016
1581,190120.11370362464
1582,303185.00052612077
1583,366280.73337112606
1584,380380.2399766189
1585,1245525.286069994
1586,776199.6731854079
1587,263362.58216198196
1588,319394.6058755348
1589,633049.3263178543
1590,201201.49914342625
1591,480358.30957222846
1592,1162631.0974061356
1593,337301.8973982924
1594,611292.348791128
1595,361051.9197348906
1596,564516.7129842333
1597,643264.2884310882
1598,365031.78917234665
1599,455325.4309220363
1600,1034373.322082744
1601,502100.2557835674
1602,1146725.6976351405
1603,617331.2847660782
1604,546668.0710053139
1605,294858.59222870006
1606,763460.6774048666
1607,292993.4481734637
1608,308925.39506380435
1609,626731.8097083318
1610,403214.0624004275
1611,427126.1603700003
1612,441209.66467785643
1613,448018.7144614634
1614,617663.0231537516
1615,332105.1877797241
1616,496953.6288313845
1617,618592.4616064411
1618,173119.82502784138
1619,256693.6858539755
1620,706825.3237365722
1621,659142.8494618477
1622,1255462.1962583472
1623,187231.15089424554
1624,975507.6885492664
1625,167158.04175475443
1626,584792.4887176522
1627,203314.4425894186
1628,606581.1262789995
1629,622912.0319338585
1630,506001.6689324494
1631,554662.4772306051
1632,461217.07562536997
1633,758260.5793559883
1634,700887.5735488096
1635,514781.4448249417
1636,747319.8681579307
1637,453649.2187240401
1638,424667.46351138985
1639,693546.1856080082
1640,494807.77467925084
1641,538844.1096058626
1642,471686.5215017051
1643,235853.7955641487
1644,283012.44677469425
1645,397255.720048795
1646,484024.05486597493
1647,262760.47615928383
1648,416886.852699871
1649,118133.06569874787
1650,374090.260245436
1651,870925.1801129447
1652,177440.86622011015
1653,634048.8202067827
1654,324384.09004694986
1655,478293.94237342675
1656,290358.27003707126
1657,317903.13400090183
1658,747438.6787968846
1659,465222.79230122047
1660,315114.1265068606
1661,595082.069559985
1662,316428.41929614363
1663,397910.9311420145
1664,321952.6283246006
1665,891550.3562946455
1666,361552.4858562491
1667,695095.8367078553
1668,441085.63323229953
1669,411758.1990716221
1670,344837.0547055863
1671,556426.2851826312
1672,456016.25536436285
1673,371545.3046797565
1674,696462.6121402297
1675,285347.0321855546
1676,491673.33997686993
1677,333652.981794172
1678,823027.1308979258
1679,600339.193587773
1680,557935.8779257998
1681,778385.664207094
1682,427001.4711063353
1683,569601.2137630368
1684,782352.8235796634
1685,1183010.0265013617
1686,579338.06654674
1687,429018.06931011856
1688,542057.163769058
1689,600765.1736040856
1690,836824.1956772483
1691,221316.66461774154
1692,496939.91680110374
1693,261652.57791137794
1694,809400.2093582842
1695,462986.5066631875
1696,163950.59562533197
1697,385896.9719311426
1698,274902.889285089
1699,383859.30818352127
1700,572996.8403368669
1701,980197.3957719259
1702,980197.3957719259
1703,537393.276816289
1704,319388.3787245441
1705,209526.2361321557
1706,425401.69603849953
1707,213105.3657678446
1708,216079.78422114707
1709,481879.48122922576
1710,487997.72867302014
1711,738912.4340617392
1712,483215.26547198027
1713,427243.39998293767
1714,362298.419110248
1715,379649.1792627532
1716,477271.76343543234
1717,642235.7710000032
1718,482489.7893274707
1719,302451.851661694
1720,961452.8603361531
1721,534394.6133038689
1722,643306.6983963934
1723,386284.3261288537
1724,630298.6903683746
1725,600990.916271011
1726,546124.3960254528
1727,1289426.188703794
1728,145136.65381489
1729,284088.5826590459
1730,486462.2161377286
1731,324610.4330344606
1732,621293.7514271716
1733,617776.0836956155
1734,734299.8703103315
1735,399898.2093226919
1736,671133.8179026496
1737,719699.2863089789
1738,375364.00838861475
1739,578292.0395892279
1740,524869.7218022244
1741,751325.2314818515
1742,453627.9364280658
1743,649298.0037971493
1744,352830.04313978326
1745,519947.0157136601
1746,376772.1029170249
1747,351175.4787634758
1748,291914.0778356502
1749,787623.5041989946
1750,299649.5099398004
1751,761064.580656843
1752,610074.7316832101
1753,705687.5693870679
1754,427345.0950616077
1755,408391.7414770988
1756,862556.8750961539
1757,379967.5607016976
1758,300504.46587385784
1759,753444.2884336845
1760,699995.8497045119
1761,296724.26133780624
1762,329241.12761529855
1763,783283.2785456933
1764,132398.12167376955
1765,982208.5474986291
1766,539314.9698379487
1767,408464.76640998735
1768,397726.2194572132
1769,209384.60285709202
1770,247318.28730941852
1771,461483.0371492095
1772,428678.9551305517
1773,576746.9039299139
1774,526093.848476548
1775,279893.7566044595
1776,559133.9593089774
1777,498678.35352926346
1778,1020383.4090632687
1779,278052.54220881476
1780,226721.3693392318
1781,552475.2286413161
1782,457708.7441697439
1783,544372.2248402593
1784,478351.95670934
1785,189328.29885655124
1786,97043.55336120893
1787,303948.47185331665
1788,772444.0210045513
1789,382406.4482058392
1790,739491.2619915963
1791,550295.7864138128
1792,545568.8569185531
1793,766924.6807581005
1794,361989.4476628787
1795,506821.8456679597
1796,557446.7015552414
1797,264391.56118107884
1798,828150.618209573
1799,271409.3043102679
1800,288392.38865696604
1801,1043726.8678303284
1802,268257.09741572576
1803,481788.66784287477
1804,309344.6419078022
1805,635280.1885235535
1806,446761.5586295152
1807,591847.7581138341
1808,196341.59367871098
1809,703427.7048395281
1810,444075.54046385986
1811,596036.6253052442
1812,833120.7358128931
1813,543178.4077238684
1814,677998.7599617998
1815,457339.66662698216
1816,471417.8799548091
1817,436756.2810924081
1818,978043.607600668
1819,449760.1599475844
1820,648415.0837218771
1821,227554.22253172644
1822,470099.8055566368
1823,363699.4284935072
1824,698620.9302933649
1825,202813.45575478394
1826,459914.60125390853
1827,775776.0295267985
1828,342964.2515551128
1829,581362.7555881931
1830,363292.91602294426
1831,105319.35360978177
1832,195374.29872306803
1833,746732.4930501563
1834,448656.9820367532
1835,495208.340069253
1836,295169.5721072563
1837,664181.9752792973
1838,467086.606517966
1839,455359.22634199966
1840,804728.6461641171
1841,222993.4812935123
1842,821050.4058845295
1843,770444.9098700332
1844,299702.24408642296
1845,310089.489977452
1846,213237.1710128003
1847,269045.7330859964
1848,343396.2629819544
1849,465008.806806839
1850,441630.0438220637
1851,256017.01155250985
1852,743240.3165258006
1853,547077.5940451951
1854,337018.20187785616
1855,758025.2681082373
1856,373684.19324218185
1857,507887.7928693358
1858,1545026.0431484564
1859,790730.830696172
1860,515715.031965796
1861,349141.6798783828
1862,466573.4739149176
1863,686951.8596851572
1864,613662.925672084
1865,273050.99178285
1866,884319.0331875632
1867,484350.2348226398
1868,663681.5277950775
1869,216977.91740379288
1870,495822.2679271137
1871,599526.6908161473
1872,550777.1180440784
1873,479246.2400416108
1874,264846.33958821144
1875,348579.94669345365
1876,578182.0855259231
1877,176725.9917275819
1878,413331.21147963504
1879,355028.10741329525
1880,514707.1517327459
1881,470647.913402427
1882,800086.9448589575
1883,146324.72878944915
1884,180585.77125606517
1885,417329.6266366277
1886,608145.1338010649
1887,673496.7222870818
1888,747151.2416675987
1889,568736.4097460955
1890,457788.8119876723
1891,636979.504861319
1892,315032.12821582134
1893,486026.44291372364
1894,724947.3187368658
1895,315853.7080909953
1896,362639.4218177028
1897,254284.00175147195
1898,791672.1981691036
1899,466161.06288234174
1900,766527.8954195548
1901,435828.10683620477
1902,325631.06783964194
1903,264016.97618702997
1904,803615.660504366
1905,294099.2836684316
1906,867736.0673935086
1907,509207.62946554564
1908,583533.6689182903
1909,533681.7866268288
1910,379401.00444631174
1911,852176.5403487536
1912,831773.5494608431
1913,784218.3862068672
1914,410229.21170059947
1915,726918.7461347838
1916,597352.8752102641
1917,343939.4185462558
1918,281489.1233504538
1919,382009.2258616461
1920,382009.2258616461
1921,381181.61293927976
1922,521159.26694441546
1923,783107.0971984179
1924,656775.4556645663
1925,1467715.6389969103
1926,509061.8834003251
1927,316798.1182880607
1928,536190.8811980301
1929,516733.7746798825
1930,609186.5619955601
1931,170635.2848638809
1932,643289.2967917704
1933,347964.0791268567
1934,195165.2991005861
1935,207290.3420700078
1936,1045088.2267544752
1937,268274.74791004753
1938,246095.1662023616
1939,508915.790556778
1940,231069.82809685884
1941,1017895.5397235982
1942,199870.19343903195
1943,684876.0620903156
1944,335959.3140679562
1945,632417.7557227644
1946,1347125.9969461341
1947,415805.5382594252
1948,249620.63315602613
1949,445918.01629192557
1950,437083.415667612
1951,616828.3095104542
1952,559267.332312126
1953,551626.3695186217
1954,687267.3680631896
1955,562748.4482311212
1956,417208.0665829707
1957,216557.12706255747
1958,269052.996877395
1959,195719.30714320077
1960,243675.62023672718
1961,451103.77533513267
1962,286464.2490046831
1963,629456.1566243167
1964,743136.6107184531
1965,953605.9420983474
1966,623625.5386808589
1967,630805.2250425096
1968,793545.487208304
1969,183943.55362071493
1970,965655.910923541
1971,292632.33985499886
1972,1096811.8240430101
1973,400280.6879861212
1974,410149.8858460579
1975,356393.45380581764
1976,275432.3319854385
1977,577041.3604570332
1978,644330.0433573932
1979,615355.9923556816
1980,916194.0242233083
1981,521482.44159585703
1982,1024031.9855310863
1983,576876.0576545564
1984,617243.423095725
1985,616827.2640256931
1986,970639.805287185
1987,339291.0948504659
1988,483058.46517596586
1989,177140.3636595002
1990,602131.1996948458
1991,674275.0678998162
1992,330933.35803897993
1993,470659.04201560805
1994,300492.650731466
1995,207287.7188079266
1996,692765.7416101386
1997,283723.29842990875
1998,224849.76885016082
1999,524879.9008156273
2000,440473.7618343314
2001,599947.4876899348
2002,527673.2001171826
2003,317729.2760129045
2004,228019.07182082543
2005,748848.2054161194
2006,666853.4693898277
2007,806378.177734505
2008,648990.547692352
2009,219107.4620046386
2010,421384.0811322159
2011,295106.080752095
2012,641419.3689960499
2013,298132.7312256595
2014,187372.17252995406
2015,472105.30139176716
2016,517134.1433528247
2017,261142.8383499226
2018,513584.0098980246
2019,347521.35055149003
2020,567606.8782516897
2021,388091.1879462262
2022,288384.64534994296
2023,343748.15678926744
2024,317192.9750516163
2025,523053.8694257788
2026,226600.8525629601
2027,334416.44189569756
2028,322645.9548109268
2029,736012.0821044905
2030,782086.9416730634
2031,574372.670320859
2032,685711.6938850629
2033,1004494.4130563161
2034,926191.4560772047
2035,741199.4511715574
2036,229435.97436984448
2037,860984.0702534956
2038,662061.2941698174
2039,244818.49380506304
2040,664713.003776123
2041,436369.9082744441
2042,266788.5468871707
2043,382436.2343518499
2044,1089330.7730517972
2045,473051.4233488062
2046,473051.4233488062
2047,667297.8455703956
2048,682948.1463236632
2049,622016.2097007476
2050,851277.0523918094
2051,728211.1593331981
2052,471883.9591854066
2053,458226.9832253484
2054,92133.81550607033
2055,743844.1503340737
2056,157689.87220715557
2057,522480.77141040505
2058,380439.8532805337
2059,727029.4476858091
2060,194136.56822586223
2061,1307537.7136643357
2062,496388.2958867228
2063,550333.3213915167
2064,403315.8154765925
2065,428707.5108765552
2066,473767.88389566087
2067,986809.1086273266
2068,332637.02665270795
2069,460190.22888148157
2070,538236.3752842942
2071,429833.36044780735
2072,792023.3847556559
2073,369549.88481183595
2074,237595.7042552253
2075,765238.156589627
2076,561417.5999302164
2077,340839.746319732
2078,523871.91411498503
2079,619619.9707004932
2080,246746.3829398908
2081,283608.0842969631
2082,248508.65058909004
2083,538365.3663530754
2084,341710.26899834664
2085,587261.7764844568
2086,463988.3495495631
2087,191901.10881191806
2088,335568.7437792434
2089,611600.1942500353
2090,313069.0187588866
2091,683535.4092436009
2092,521257.52103651763
2093,634272.274408775
2094,91339.01481800253
2095,271393.91640036553
2096,534837.8155244542
2097,750163.1296267264
2098,492938.9456843652
2099,780920.9387175057
2100,623960.2743347583
2101,388446.2140890742
2102,254688.42572814622
2103,383990.09926137084
2104,558518.2206079531
2105,653177.8866852978
2106,636273.0078522279
2107,403494.6956732313
2108,669401.5301394912
2109,525255.8932581006
2110,240177.12514871595
2111,205771.80017606635
2112,774136.7935253188
2113,822378.4064353603
2114,517903.6023508653
2115,353373.23313080193
2116,292702.8644470234
2117,603980.4791044409
2118,459321.9597062881
2119,228806.1452295122
2120,532560.9762171279
2121,223983.00390682433
2122,494362.5858109175
2123,225163.74472643455
2124,559524.4938046855
2125,504946.89638418535
2126,206203.31612698818
2127,243534.5920290922
2128,496363.55704932945
2129,694003.0078027775
2130,630383.7519103286
2131,640339.5249407233
2132,393512.77985577425
2133,387492.85064677615
2134,241907.61172221106
2135,722623.3418474402
2136,331020.90270891343
2137,555806.9726029177
2138,129293.94144539564
2139,665741.3308008823
2140,500624.1982902528
2141,519315.88582502655
2142,503655.5260689238
2143,986322.9325163926
2144,764848.8318771119
2145,415033.8446180644
2146,587714.7880697879
2147,249436.2762757525
2148,414180.63651808834
2149,676724.6893787356
2150,386764.59691990644
2151,530110.9090504725
2152,649115.6294835607
2153,580024.5113745097
2154,704722.6382551077
2155,500878.87028321816
2156,1072173.743593268
2157,276294.5006118185
2158,204373.32152359176
2159,572554.8488406118
2160,850418.5171515347
2161,259244.07911199512
2162,-75791.22371475905
2163,380168.08356521605
2164,875672.230281913
2165,583194.7403022852
2166,294799.87953573954
2167,360742.0516455077
2168,325294.80363747926
2169,496515.04257218103
2170,295903.24745314894
2171,682361.1214834667
2172,485504.455291533
2173,586838.2238615159
2174,460876.11765879433
2175,656668.9354019894
2176,889381.0331815227
2177,618363.8613079091
2178,824120.581478246
2179,615606.6660227138
2180,265776.35696955386
2181,882015.1836753865
2182,157772.22401914728
2183,425668.75035006535
2184,544344.106693821
2185,377355.25348743843
2186,233662.41649224117
2187,277796.74896080524
2188,338596.2432382429
2189,821723.4008349935
2190,664720.5673262732
2191,379047.4757479221
2192,209134.2248951822
2193,428046.6677232017
2194,902057.4881350313
2195,415913.4120979997
2196,297084.6493157494
2197,392333.78251700965
2198,201816.49685656116
2199,558493.9017289898
2200,566337.7811850666
2201,384816.5643571386
2202,774395.047586994
2203,364807.2750312643
2204,329935.60881446826
2205,331823.1247399016
2206,406356.36445282836
2207,380213.54770076246
2208,333036.3635113239
2209,510661.86178993847
2210,449254.36724858335
2211,308589.4183922482
2212,440893.79253858153
2213,262917.0221126585
2214,528556.3457266765
2215,494496.0685732194
2216,478273.79382814793
2217,439205.39240332734
2218,911114.0724533484
2219,595484.8161972492
2220,293531.86415252695
2221,444335.6160115435
2222,190169.14913233416
2223,669605.2781897953
2224,353372.01793552627
2225,232686.67222542805
2226,389379.2587069853
2227,532101.3709738147
2228,549395.8316987796
2229,538035.4502830553
2230,464495.35340223653
2231,474312.1430871833
2232,330040.44189103274
2233,345252.5411081906
2234,217509.8046962337
2235,564138.1868468616
2236,927332.7641433724
2237,911183.4075161067
2238,651036.2180685587
2239,1157778.7214925094
2240,481440.44607753976
2241,1083141.2549535367
2242,241012.44603746227
2243,455271.65383356746
2244,805754.5322050481
2245,450354.75015729014
2246,496969.63002250605
2247,602355.1529624257
2248,399855.04168614454
2249,260092.62872903293
2250,588117.4572903649
2251,198581.864330934
2252,706513.2205595096
2253,445926.4916756792
2254,438554.43681276625
2255,262137.41419996344
2256,482472.15244444256
2257,817039.76080925
2258,334825.1429663851
2259,438452.80077673146
2260,533624.3233391047
2261,230256.00782410862
2262,553788.4828471001
2263,553788.4828471001
2264,1006287.7430404709
2265,458588.2095705375
2266,757855.59161972
2267,414383.0892864648
2268,813200.1945502971
2269,467688.8646012689
2270,667235.1549276747
2271,312555.9352494722
2272,1146067.3786145118
2273,226846.34971476506
2274,1091748.9275507017
2275,359953.3050302558
2276,475028.29850200523
2277,235400.19381594568
2278,665126.722416085
2279,893456.40860957
2280,530042.490330696
2281,408644.4479358721
2282,403454.5097040154
2283,590075.1739216615
2284,253902.5827536316
2285,645884.0307615186
2286,698322.3552863227
2287,303091.2362082955
2288,139650.70038544072
2289,553373.1410724964
2290,727028.455133479
2291,283580.0819946621
2292,347455.14734508295
2293,839922.5760821817
2294,559057.841466567
2295,450454.4802710031
2296,566230.9285141764
2297,696399.4717299172
2298,321690.98118700506
2299,286303.4990162296
2300,289917.9337181912
2301,532254.1049125713
2302,181592.34251229448
2303,205202.7267503757
2304,655390.2551939345
2305,307010.54271466535
2306,334614.85503288684
2307,79090.43982888263
2308,514620.1232408038
2309,501874.2470229913
2310,808212.9135763838
2311,253138.49643078953
2312,607272.1986755357
2313,324879.0252835875
2314,562258.3522218408
2315,419547.99385105446
2316,385536.0336093962
2317,614908.1404670241
2318,496767.93290092394
2319,464989.0057044778
2320,634300.0706481942
2321,524859.994693908
2322,655318.9447072248
2323,987510.052452992
2324,499456.6152287675
2325,337843.12106168823
2326,241496.96955993125
2327,456430.6684316615
2328,459682.4094244419
2329,830063.7428138498
2330,881244.3045953787
2331,205993.82988366587
2332,715878.9265810617
2333,384363.33650210616
2334,621627.0726528926
2335,764763.5452367268
2336,958452.3408044097
2337,499365.1551856734
2338,511781.35909270373
2339,445554.0234844987
2340,660254.2330187357
2341,290415.8162479821
2342,538697.7510594429
2343,395129.82892027067
2344,300311.2560172393
2345,830855.9722236941
2346,557474.9458078364
2347,371675.5227917163
2348,706314.8032049572
2349,421149.5477880895
2350,299769.75781094027
2351,525341.8010654869
2352,444089.55663086293
2353,670269.5898972363
2354,419640.58461815224
2355,455334.2680179786
2356,387925.2506643787
2357,846496.9829620465
2358,346070.9334601136
2359,1008891.5183782312
2360,268892.4929470994
2361,381319.10951673426
2362,326620.785547106
2363,395399.8941249747
2364,334140.8545457015
2365,342022.83513528365
2366,380266.6307820487
2367,472531.0204303702
2368,698585.8940985749
2369,544277.66283922
2370,492474.5256309108
2371,405928.298678632
2372,445468.0581733098
2373,469362.32794412086
2374,376000.30298297596
2375,430723.62586064026
2376,404576.94443815236
2377,870780.4347806233
2378,435265.28388648806
2379,372230.36499761813
2380,811464.7979589631
2381,688024.8860392999
2382,574395.9397658968
2383,457215.66867693176
2384,431545.1413840027
2385,318241.73845784884
2386,360716.1876021852
2387,787847.3090696043
2388,455448.011034636
2389,526981.8047157638
2390,338317.0019679971
2391,1126662.5397711187
2392,592440.5390389208
2393,441838.72223539784
2394,738133.8780727454
2395,831992.5630041303
2396,812832.2100857565
2397,527557.2264202791
2398,388819.9577959282
2399,352534.9520905884
2400,533770.5135946483
2401,232871.9944059599
2402,357082.3451067433
2403,488101.2772857334
2404,331982.8413124061
2405,226528.11981864268
2406,300859.86442230584
2407,319327.4201601797
2408,567237.3420685929
2409,538028.0334310576
2410,525480.2566920171
2411,557895.3363447892
2412,380549.92037454824
2413,300393.98243513436
2414,534072.5923944685
2415,469680.8555426657
2416,664442.2426172756
2417,695710.5977559963
2418,1128081.0639302721
2419,781246.4658649705
2420,761708.5704239681
2421,517145.7990743168
2422,209592.240066736
2423,508457.45290177123
2424,456911.968183537
2425,539265.1472259635
2426,383254.9485993595
2427,516566.39455679717
2428,509026.8194328866
2429,522397.03879906214
2430,345870.10876979545
2431,593879.5344482586
2432,675821.8819887788
2433,346390.0275158355
2434,766742.8895810903
2435,845586.7080724873
2436,689972.0013042876
2437,368810.0260411445
2438,553337.8981022525
2439,712517.0397335456
2440,325394.4004679088
2441,626984.6085912222
2442,204789.03342003858
2443,460183.67362488643
2444,167568.10881208966
2445,486596.24927892216
2446,955133.7955743929
2447,427458.92207108025
2448,417524.75198577513
2449,471043.12870740995
2450,600207.7651215298
2451,548485.4483527198
2452,370560.41022233886
2453,892927.3241399
2454,642732.3067044399
2455,304556.12421930523
2456,769181.3482884817
2457,539657.0893896105
2458,576824.5447633608
2459,386047.66539613553
2460,376367.00224969146
2461,789334.9406477332
2462,576413.3870242584
2463,721917.9085231754
2464,283035.497875102
2465,434060.3403432748
2466,379203.8457763596
2467,456870.917727323
2468,1087169.660318474
2469,878773.120986538
2470,251021.15881097325
2471,607617.160132369
2472,371743.3842977595
2473,489960.6247284255
2474,1082350.0559313528
2475,426197.4816594559
2476,649493.7963898268
2477,722842.075842728
2478,323301.5772209037
2479,305859.9161659372
2480,540563.5640504365
2481,675366.6646809389
2482,584867.2575971665
2483,488566.8630033009
2484,333505.227178273
2485,690438.7150166774
2486,424058.9081133365
2487,1298305.0812399802
2488,472690.9031764547
2489,656924.8505418834
2490,527192.5599895843
2491,590008.2856995075
2492,451346.0133173446
2493,553659.7150955908
2494,462466.71892759687
2495,330030.1524386401
2496,262410.69360386615
2497,502190.8142551216
2498,293638.89331998676
2499,547049.7882443799
2500,875575.8115510425
2501,670048.9112894337
2502,514214.87873621855
2503,668711.6495022385
2504,537006.0537594709
2505,468236.1913412728
2506,474770.71615087526
2507,276560.7899140504
2508,390163.41092496365
2509,396679.51786273904
2510,503559.235570676
2511,480761.17169807316
2512,573138.0865414629
2513,727886.7410750323
2514,436323.62416505587
2515,564332.5082189245
2516,669434.203667728
2517,494504.8272203174
2518,451372.98932317994
2519,782720.7493286931
2520,665009.3472476568
2521,798627.7149591689
2522,357125.4307941777
2523,352552.05484860035
2524,1009340.2662684072
2525,327075.7744667112
2526,708893.1202394937
2527,496842.3709623347
2528,419257.9904602495
2529,737357.9498174398
2530,387988.82407703984
2531,441958.87359946105
2532,512284.1270491359
2533,1277720.923512233
2534,628216.7448508409
2535,1014655.476758553
2536,325994.62419007684
2537,463690.63562386076
2538,519317.6196322575
2539,516703.2567593243
2540,575458.0775722667
2541,816359.6569376264
2542,494895.4631325265
2543,752876.7616284001
2544,331379.23122737545
2545,640886.9797271834
2546,301080.2563499826
2547,896555.8953138147
2548,451373.28905657807
2549,464850.4164991781
2550,274424.5401867338
2551,334946.2580589172
2552,437754.1625815202
2553,451260.16549215565
2554,630483.4355473714
2555,499504.30247596593
2556,384964.5810717617
2557,547529.8398896784
2558,993607.9144873791
2559,583294.7583841487
2560,564321.3648909235
2561,486525.5292241364
2562,401360.9275971818
2563,353859.9436176725
2564,369006.9387456944
2565,427324.1510903028
2566,820580.4105817545
2567,516598.6269004787
2568,1357600.6234015748
2569,830723.4760878738
2570,397321.1753667551
2571,321066.05920980655
2572,559501.9065772105
2573,592302.2278007834
2574,378652.8003736019
2575,551333.0025223009
2576,513291.4090353228
2577,330805.58900770836
2578,763554.30690277
2579,592155.4204640621
2580,568564.9006389619
2581,613689.4852157517
2582,497702.2918083827
2583,359313.77042618504
2584,334534.79102485557
2585,398332.3206022801
2586,833182.1282251104
2587,445447.1425501469
2588,417896.1311655794
2589,865639.3637685417
2590,227115.79439391577
2591,775501.4032750048
2592,543233.163989865
2593,536733.7176373563
2594,331138.87959861255
2595,377177.1899442704
2596,771560.6972643902
2597,772270.5012824754
2598,581673.1911316174
2599,423343.92023546563
2600,514746.2428951631
2601,235186.09870204996
2602,519071.9713522721
2603,252088.6985511211
2604,412944.36344176263
2605,976298.0000991942
2606,721948.1815963907
2607,547308.9346143282
2608,426591.73883507494
2609,548030.274769998
2610,375947.30199648585
2611,400963.0081155416
2612,582871.4833071915
2613,460231.32362040965
2614,615329.7789534286
2615,520511.7537620123
2616,572772.8951802998
2617,732356.2406481327
2618,800780.9551921412
2619,540404.7800111056
2620,395274.98646406416
2621,573843.2799860886
2622,726095.9190640039
2623,447813.1490977452
2624,449522.27506899246
2625,445258.9655831088
2626,711123.241196675
2627,647795.0383529281
2628,413762.86287673016
2629,468590.82778130355
2630,410744.3938182279
2631,352365.2500337924
2632,564052.312450559
2633,507890.28952416056
2634,359291.7630395045
2635,316838.8812783708
2636,353953.30288380507
2637,469993.85798036144
2638,1080749.1580994239
2639,513279.41969939595
2640,543346.4368445154
2641,345357.3185130125
2642,608063.3438555105
2643,419300.2766934915
2644,355384.1746514649
2645,541573.2617856754
2646,549759.4578096477
2647,504415.1973027679
2648,343235.79370344133
2649,367836.60263323947
2650,510200.4297248964
2651,419773.5319051027
2652,452216.53200573655
2653,346945.2736324699
2654,612221.7615231101
2655,582497.6979275551
2656,723542.3779691437
2657,437720.50123538665
2658,741408.5487543906
2659,444504.4846022511
2660,760123.4671557554
2661,355670.62747579213
2662,451550.9192919916
2663,212374.99855442037
2664,754318.6821805208
2665,548446.4602615557
2666,1070234.2979608432
2667,699737.3696533537
2668,766509.3144623053
2669,637987.2727774412
2670,365656.94952529494
2671,1111679.7450574494
2672,369918.6806130097
2673,728590.9071113447
2674,676520.8230939074
2675,329821.47938280937
2676,299039.0116431231
2677,516666.10500171094
2678,680673.756017402
2679,784863.3657485938
2680,582282.4405651891
2681,724405.6513203026
2682,438231.0892894799
2683,1013664.4972455804
2684,536641.8639639732
2685,271570.1749233395
2686,523855.46424707206
2687,870373.7760352779
2688,432105.18662927934
2689,402181.85151580407
2690,491094.11983701534
2691,805621.1719891363
2692,601021.6189091982
2693,506252.098393784
2694,990399.528598082
2695,303474.21046536387
2696,728048.6732176973
2697,914663.1351454451
2698,727100.5691521855
2699,718378.9486821092
2700,608145.1236211973
2701,482720.6737786995
2702,556791.3743947945
2703,477960.2712083448
2704,197604.3860960977
2705,352291.2865878546
2706,414976.5855853261
2707,253099.56419847155
2708,474794.34281078936
2709,672093.5357160738
2710,520877.65228105494
2711,512387.6351793709
2712,461987.5016954816
2713,440482.6476989964
2714,611240.3553050942
2715,1132342.1760744245
2716,467013.72257397417
2717,664936.2959693642
2718,645192.9071758022
2719,568215.9244715897
2720,1180887.8975023916
2721,424019.08103559836
2722,485572.42258600995
2723,406444.2348978776
2724,482543.2411252045
2725,365398.8672968375
2726,604146.3202739495
2727,421498.902181701
2728,466576.7517198889
2729,702591.4451050402
2730,682083.1534276343
2731,460160.34148439486
2732,484129.9271853762
2733,196179.53538875974
2734,562766.0380031081
2735,917433.3083279326
2736,464784.44904553297
2737,533412.1722528692
2738,820459.3511392064
2739,505420.9178043047
2740,373893.85465924075
2741,554659.7209857863
2742,635872.4696587517
2743,548257.9589284318
2744,412728.05435947684
2745,611891.4958762473
2746,482279.39604489936
2747,685117.0250172662
2748,559903.1332544103
2749,753352.8285769657
2750,439612.6882480627
2751,641718.7641204912
2752,670439.5684931879
2753,372841.41782910284
2754,348272.499195033
2755,278532.9506008828
2756,469845.63865895115
2757,721839.2668052813
2758,792525.5016994355
2759,611132.9156387282
2760,414592.9234770636
2761,241561.5616068823
2762,402539.16826051695
2763,491488.2516751308
2764,491488.2516751308
2765,344808.76527507725
2766,518842.9052268503
2767,431834.55837900226
2768,367842.5973012029
2769,544828.5336904733
2770,369269.56198250805
2771,574339.6492219563
2772,582274.6403055448
2773,404785.35542041116
2774,515012.97863566247
2775,522328.3427180314
2776,655120.4116190022
2777,743000.8908916565
2778,552467.8418752704
2779,1026265.4040783362
2780,529672.4088556226
2781,478468.38250787876
2782,938348.242869158
2783,548732.1100991922
2784,661233.6440244574
2785,404827.4213542646
2786,322281.01190178614
2787,765922.7565835299
2788,472380.2134388788
2789,448377.80238142755
2790,566702.1059564886
2791,605243.1229439711
2792,541850.9549749823
2793,396055.54066138226
2794,712891.3191967241
2795,903759.0127116357
2796,589811.4401993856
2797,728966.8122941966
2798,480280.36230083683
2799,460146.48186109227
2800,569602.2975180985
2801,402982.46415337507
2802,1240929.1885232127
2803,538086.1907003128
2804,602045.4726456364
2805,353563.44746157806
2806,1263352.2803519033
2807,527803.7879620742
2808,820439.9580200673
2809,429445.72276301496
2810,307626.9456690212
2811,561325.7131845597
2812,557717.2392856246
2813,427565.41086672054
2814,738933.0189910294
2815,462436.25573506183
2816,569806.7889749579
2817,332858.04488429066
2818,791120.329783655
2819,487041.0346061664
2820,507889.9897907624
2821,383183.4114843426
2822,428236.90491037373
2823,450754.1038157882
2824,536219.4168265709
2825,552992.1633832253
2826,507212.30255784414
2827,419330.432395017
2828,338017.4758912831
2829,444577.603189297
2830,627662.8080849694
2831,656629.7256562001
2832,551274.7055116836
2833,366568.89711054065
2834,513101.2193031063
2835,827830.4203094025
2836,778357.6731955382
2837,537220.1163036413
2838,613497.0500993361
2839,663069.5996162196
2840,362324.4784733987
2841,739902.685688335
2842,574154.0143986014
2843,371774.85735900153
2844,535568.3014364447
2845,234790.96965639672
2846,1018179.9111968039
2847,512343.7153153032
2848,453629.66059401515
2849,297624.78562573716
2850,574164.5120069401
2851,632366.1607163866
2852,540925.906633572
2853,796900.4734502367
2854,888949.5567001757
2855,346016.08061105997
2856,369973.5565648966
2857,450784.6185654955
2858,625034.1839582443
2859,566141.7926372511
2860,575833.0635486455
2861,260656.62016307682
2862,1152058.5681698471
2863,376174.7993367398
2864,1071562.520889383
2865,502970.752060582
2866,529181.8585154325
2867,648330.3562959199
2868,228773.46905979584
2869,352988.5153366177
2870,343666.73650010687
2871,857744.2817535318
2872,306299.5425325313
2873,402458.9138980856
2874,457385.9172470926
2875,683987.0151584739
2876,844793.5547976524
2877,440139.2692218396
2878,1094833.3755204964
2879,481405.9673395035
2880,652240.0435032482
2881,581343.5972243759
2882,594847.7430184695
2883,463986.3611726339
2884,831496.6397294707
2885,441458.57908634585
2886,574223.5984965984
2887,260273.55010046842
2888,562258.7362098915
2889,491016.7002576963
2890,599752.3157659322
2891,599752.3157659322
2892,485474.14018326683
2893,253984.29726562044
2894,974961.6914219966
2895,379286.9950247632
2896,435948.59277805773
2897,500515.70010193926
2898,547111.6648500493
2899,697295.9860004243
2900,317292.0475751831
2901,621291.0970786484
2902,392891.81357205514
2903,594374.6452651455
2904,335927.2788972963
2905,568760.7358987266
2906,777963.5507002494
2907,833074.4917773125
2908,774457.4540824642
2909,419313.44113891106
2910,642809.1367346417
2911,600361.8683782379
2912,639597.648756423
2913,815391.3998660143
2914,580895.2353434591
2915,746353.6693237426
2916,590353.7727862628
2917,361148.19000260136
2918,416360.48390387115
2919,685669.4884973369
2920,585491.0028697322
2921,303786.1482343309
2922,277428.11268698575
2923,420062.55608086125
2924,548693.154961533
2925,484235.8822364887
2926,722431.8082587994
2927,426553.3608606099
2928,434379.2166842591
2929,541956.4798647703
2930,187045.865034075
2931,519288.80509744765
2932,548555.4184633392
2933,601946.9052512392
2934,1075613.8377447596
2935,874598.7919277692
2936,540261.2365410205
2937,419969.62061648647
2938,486872.1158680907
2939,525744.5208523341
2940,482404.0098250544
2941,536916.433473418
2942,533312.9816664412
2943,1292395.5456914513
2944,639627.9349967248
2945,679533.8912267839
2946,578903.4060570454
2947,698178.6600975622
2948,704717.8544659321
2949,792527.0291825405
2950,330674.45683862036
2951,640945.8566065232
2952,399166.44150328066
2953,299382.0864621416
2954,917488.1893309212
2955,599011.7634842062
2956,527892.9679452244
2957,1090741.4759523093
2958,490033.86261973844
2959,369973.5565648966
2960,723733.6669096014
2961,738574.2860042492
2962,741672.501132325
2963,555614.0385460883
2964,353216.35846325225
2965,469409.98555442994
2966,397229.5816115861
2967,878772.8212531398
2968,609277.5917194521
2969,326665.13971121766
2970,374960.29284201004
2971,711070.1883851988
2972,539184.87124117
2973,547629.299586838
2974,585815.5182634601
2975,521712.5905273669
2976,531832.6172726267
2977,998619.2989873434
2978,513309.1304139675
2979,282042.3210368547
2980,627799.4493543238
2981,369498.7804595096
2982,581393.6160159877
2983,357038.6144943952
2984,265758.29622452345
2985,895093.9969416657
2986,299246.8830020231
2987,324986.01015582716
2988,753038.5726083079
2989,365504.93489744863
2990,755556.6772319627
2991,472496.5801574929
2992,235186.09870204996
2993,444790.9960296101
2994,298691.64229501697
2995,458791.0184161607
2996,323639.8383725182
2997,278317.48059672106
2998,429217.9211925172
2999,335013.40324061096
3000,866173.848858634
3001,239602.3813351054
3002,428438.9176219339
3003,381420.7282329709
3004,236659.13645997967
3005,1345795.8877609773
3006,878169.3933704505
3007,316545.7597564442
3008,265378.3824783239
3009,463234.62912076584
3010,499907.13922006945
3011,484316.4288650464
3012,660059.4063099248
3013,521336.84900441143
3014,473070.29945358034
3015,717808.4770412166
3016,649049.4921440918
3017,595277.0984695825
3018,533609.2871092441
3019,783180.7300429379
3020,406221.4402611604
3021,461963.45891310996
3022,520601.2670976777
3023,326874.953089937
3024,214296.0243383905
3025,443851.08909457386
3026,633387.6410803734
3027,552575.9479017988
3028,470427.441258277
3029,357287.8862959861
3030,484216.2769851804
3031,205865.8582270645
3032,979098.5588950245
3033,574199.0203579484
3034,329245.7185015439
3035,1085273.4140916164
3036,1194763.4313999356
3037,463737.7160275159
3038,349203.2024487388
3039,393583.61498846195
3040,415488.93741976836
3041,453528.40164123895
3042,547565.5655533856
3043,320397.8868506872
3044,396250.45217090554
3045,387904.91370243207
3046,351846.23788543505
3047,548419.7428683974
3048,381023.32055141695
3049,372384.93641050946
3050,894674.3083417448
3051,762180.7440515317
3052,949229.0919581775
3053,707577.2410777012
3054,788541.711899662
3055,901065.6633501597
3056,318095.3705716649
3057,376120.80920197954
3058,310052.74813274585
3059,626220.4703692055
3060,720138.0049002705
3061,536981.8389854409
3062,286485.3937060377
3063,347426.6984853067
3064,395649.4774317106
3065,629722.9815653726
3066,473649.70693074714
3067,762775.2109187042
3068,485489.2024360369
3069,292325.5579807572
3070,343246.92230112595
3071,546772.3907509483
3072,466450.8313236452
3073,597442.4998366757
3074,333018.58337260457
3075,321927.2598773476
3076,565743.5075670327
3077,550620.2216807723
3078,694175.4828670018
3079,894369.1663561949
3080,788978.5460479369
3081,666673.6387932391
3082,343445.2335188589
3083,569392.7902351349
3084,525426.0964624712
3085,631953.2616441643
3086,609247.6346741036
3087,626795.3439772795
3088,761801.2510240696
3089,458816.587129703
3090,546127.3342102731
3091,867325.8327361153
3092,538400.6342543543
3093,514007.53192291886
3094,414794.31081131246
3095,309500.8723321167
3096,369062.2737310724
3097,675367.2641477352
3098,299410.18186917517
3099,446808.61362868024
3100,236363.8573364157
3101,675669.6471220178
3102,655437.6585715536
3103,328151.39117673296
3104,535762.0269278688
3105,189230.5573059002
3106,690625.4468251588
3107,480744.1977064127
3108,513049.45560371416
3109,480137.7509292373
3110,367428.8801221668
3111,426393.3032259869
3112,483143.6385929136
3113,260079.85769891087
3114,573423.3754288589
3115,471071.1123355237
3116,346586.96544293547
3117,859268.4378633241
3118,545046.2028537047
3119,454178.06307204044
3120,370558.01235515345
3121,631146.6961346664
3122,586062.4377062054
3123,512999.34554399794
3124,576817.6595163513
3125,551346.9005501983
3126,207150.6760545736
3127,525064.0703128
3128,708362.1655451737
3129,619562.3919952353
3130,581237.267654031
3131,880076.0388237182
3132,892494.5431673009
3133,278789.927046835
3134,446705.4241281776
3135,864599.8565685807
3136,801429.0302002814
3137,288456.6283686034
3138,778697.7051776994
3139,604288.2500680711
3140,595261.9230649665
3141,357125.4307941777
3142,313290.5734458425
3143,641927.9452510531
3144,989443.4474950212
3145,445501.318954974
3146,650207.8380043879
3147,518235.5657964531
3148,548108.0922293466
3149,453200.8002797116
3150,316769.6428633934
3151,1502117.819188697
3152,426855.6001824096
3153,524449.046955039
3154,484621.93119872827
3155,446536.0451827828
3156,531734.8690447256
3157,428830.67927381553
3158,596431.7888600433
3159,276354.65601974324
3160,625787.069884765
3161,685353.3629905705
3162,1378119.0956001945
3163,577571.8607537273
3164,564663.3651043482
3165,686558.1509778643
3166,376206.6139547789
3167,618566.1469255236
3168,807787.8970515509
3169,396306.25185482815
3170,1335374.7890831984
3171,504912.7485202729
3172,392972.3626053417
3173,403218.9825145052
3174,403972.8065963167
3175,591541.3574079645
3176,747950.1113751207
3177,672157.7734322855
3178,861804.0847113966
3179,685668.2895637441
3180,384915.5120361335
3181,1229982.2574883087
3182,497334.4180133149
3183,561073.1490955898
3184,539702.3746310971
3185,455334.5677513768
3186,538056.2828631003
3187,513340.7828095227
3188,574144.7226632581
3189,389942.7133635563
3190,515187.82206933957
3191,443465.7681251421
3192,427919.18750831304
3193,588977.3664561554
3194,816488.5905115979
3195,449536.6771931981
3196,481152.2003450335
3197,662129.9262657034
3198,913958.4558824333
3199,827380.2202813132
3200,360668.1370605151
3201,557848.065297717
3202,634331.9877816536
3203,769206.070945635
3204,398596.25271371024
3205,403969.92986131157
3206,739080.6201155526
3207,543590.6140255996
3208,532595.5932538022
3209,810972.7262125536
3210,1039997.3677865299
3211,748158.2968257356
3212,539390.4713240019
3213,384928.10083885666
3214,300311.2560172393
3215,555013.0457580901
3216,431212.4980872886
3217,254081.70867671174
3218,473302.5929729752
3219,457539.7119363164
3220,534434.4091181003
3221,644992.3855324261
3222,266562.50999599195
3223,474884.0153753837
3224,540214.1960356196
3225,632151.8549293106
3226,526307.2624624263
3227,302995.16988049017
3228,951108.7619225085
3229,513228.50183010806
3230,720744.9226364316
3231,525857.7640841891
3232,540629.9055660577
3233,540939.0844592486
3234,557474.9458078364
3235,467339.3311448837
3236,621285.8992383169
3237,1124303.5006139877
3238,579763.8538820224
3239,520400.5085732546
3240,754013.2756451818
3241,639766.3137956964
3242,342199.97903867345
3243,262595.7128064019
3244,777772.0888234037
3245,1085650.9277985182
3246,389033.45111900405
3247,197026.13375642954
3248,317946.479356081
3249,254630.25837894977
3250,445020.3509615909
3251,352365.2500337924
3252,749224.8603264871
3253,414968.7925169736
3254,590711.6760890612
3255,511451.31340317137
3256,523030.0807390234
3257,396764.733786204
3258,451737.7268591129
3259,614416.0929438666
3260,297115.6585820683
3261,529957.0846063516
3262,301739.1294603462
3263,394850.40404138336
3264,535980.7485335396
3265,350560.1704565723
3266,526782.3277764835
3267,325756.51373260777
3268,516331.1976984441
3269,319375.9960795776
3270,821494.5868046989
3271,440406.9807102303
3272,448514.27203138423
3273,1168340.7536386242
3274,523962.8755989326
3275,456334.4290904929
3276,421859.6988480735
3277,655791.5463758522
3278,518942.71644844103
3279,863728.9567689721
3280,604599.9547251895
3281,512679.2709098247
3282,432595.50167406123
3283,285157.6204366925
3284,285423.79085904406
3285,490520.9890870747
3286,500384.202925392
3287,715552.1338139409
3288,1185559.7490341978
3289,205862.56115968464
3290,357842.90544769395
3291,284652.3014807923
3292,356572.4609313374
3293,721684.6321835043
3294,456318.50536956685
3295,549893.7931462936
3296,642966.5054748185
3297,760210.4141603445
3298,449264.86518940824
3299,422267.4427162467
3300,495811.42573000595
3301,207185.77049106173
3302,886304.304322932
3303,845964.289076888
3304,555902.6562122063
3305,408236.12029992323
3306,723930.343251988
3307,506354.4255600579
3308,403513.62332707236
3309,525610.77321719
3310,448512.04830388486
3311,543429.0346012283
3312,585119.4571528907
3313,353697.66786742804
3314,357887.2078286676
3315,325137.7857573376
3316,348358.353350962
3317,786583.12059379
3318,727878.2694092408
3319,699061.7860420172
3320,304988.3673427933
3321,584581.3154556262
3322,297420.43545351794
3323,297420.43545351794
3324,344792.4388434802
3325,417536.93206960504
3326,326835.92574846785
3327,261153.9337054924
3328,599899.9603338281
3329,796926.1367730976
3330,826066.6801859324
3331,524105.85221413383
3332,615878.740152137
3333,1071176.578050743
3334,529779.0710265134
3335,848275.3363454933
3336,480280.36230083683
3337,411649.1576473701
3338,416360.3647805912
3339,357879.4914799674
3340,197752.7231538667
3341,408376.09579686885
3342,668643.892303305
3343,445699.89013378054
3344,484696.0263501628
3345,737640.2139634008
3346,328962.75289772276
3347,328066.69482761325
3348,207150.6760545736
3349,518773.03547586506
3350,775157.2147840397
3351,391581.89944384515
3352,528958.4844616238
3353,632356.21532157
3354,419501.58016537235
3355,702976.0188707173
3356,555336.7336813459
3357,508231.05420907197
3358,462900.3178379692
3359,490071.4588154797
3360,545337.591399756
3361,659882.6275427262
3362,472097.2701231645
3363,429901.6009251753
3364,378180.48552723526
3365,705231.493295786
3366,568906.2501429747
3367,451373.5887899763
3368,600630.5473642584
3369,390499.4120643128
3370,292586.3223369791
3371,789592.5132262195
3372,609432.2409638674
3373,267638.0981991007
3374,1282738.552739635
3375,446450.5816281717
3376,768209.2968788861
3377,423391.39405806793
3378,453270.96896903106
3379,473869.4853670218
3380,473869.4853670218
3381,325082.76870758296
3382,390660.0782049434
3383,539307.9645893127
3384,935795.0463470933
3385,623856.6577383338
3386,784268.0355438138
3387,252680.02207767195
3388,353216.35846325225
3389,720449.0792470104
3390,216888.76197250444
3391,768989.3550306956
3392,750737.2152366391
3393,423447.9598218701
3394,579965.5035441034
3395,748556.6301518545
3396,215510.09813374016
3397,481921.43969409453
3398,509439.69127120177
3399,241976.3389733586
3400,317497.9868690312
3401,580341.8064882924
3402,478797.2176316748
3403,550590.7188979598
3404,624002.555535747
3405,605176.7060263231
3406,515390.34298395907
3407,406850.1986058286
3408,502692.4641550486
3409,273418.72985129186
3410,490982.8912106456
3411,501032.0653374022
3412,299902.4914380015
3413,952312.1042720607
3414,470116.47444536374
3415,485860.19582756737
3416,350223.6823887072
3417,438136.6033552506
3418,307099.6480070421
3419,376066.9556740674
3420,352141.84259479825
3421,554366.1083120762
3422,534633.8301630156
3423,534080.3120192462
3424,318555.8929465306
3425,549252.542018744
3426,428323.45626343717
3427,283597.2809786842
3428,474791.0254284314
3429,511620.66897786676
3430,291546.3597676871
3431,534383.567851577
3432,663884.0873136991
3433,527007.8687678054
3434,469963.6553582374
3435,480393.0620585489
3436,711054.976606365
3437,374223.5253490369
3438,359455.1656786971
3439,932811.3310208794
3440,543786.5244933132
3441,368218.28569855867
3442,571337.0709667668
3443,594349.8307859908
3444,350773.11677872564
3445,336824.0996810727
3446,215657.99909923822
3447,425773.0450716517
3448,1000802.09004977
3449,525091.0523294425
3450,511563.89463749464
3451,294510.79177748226
3452,600764.1440588697
3453,388006.5083475319
3454,379067.69600375067
3455,570178.8016685968
3456,404468.935492221
3457,355057.0717411929
3458,462832.3108970976
3459,307305.57876807
3460,322549.4802057828
3461,821394.7936873026
3462,236659.13645997967
3463,648159.8693636928
3464,685739.0309866151
3465,742440.0059543957
3466,350540.9756201376
3467,343366.16818173835
3468,392936.70247407106
3469,250175.62866309474
3470,759549.4289485969
3471,703659.0380138739
3472,865143.7188018693
3473,505541.4351340462
3474,353842.7457613588
3475,775816.3733975389
3476,486243.8609273961
3477,1173011.2469251526
3478,424549.95086598187
3479,788916.6897812828
3480,535499.7289049813
3481,632244.8894019608
3482,536983.7473105099
3483,350727.8453461245
3484,417550.60396200407
3485,651954.4562609821
3486,726198.1497027366
3487,174359.89624704578
3488,514827.64665672573
3489,332460.8604495758
3490,332460.8604495758
3491,405292.76985145936
3492,668932.8887478077
3493,485565.9360280728
3494,610600.4655986115
3495,460472.4304023644
3496,553109.9700052256
3497,486754.20877975796
3498,500383.9031919939
3499,500702.8394463747
3500,401464.4449014519
3501,698002.2867377228
3502,626646.9007197341
3503,591520.9889511823
3504,660372.0398381364
3505,484127.61484992714
3506,209833.7667047577
3507,330662.6927024686
3508,594562.4143226936
3509,380070.44628834014
3510,406014.92163070326
3511,596764.5458114011
3512,417310.86883684556
3513,544213.7615781177
3514,443912.21878555446
3515,475806.92293118685
3516,381858.7071778051
3517,278873.4880385852
3518,322651.7819701728
3519,901254.9998280382
3520,366215.23235686315
3521,455194.2716541892
3522,390163.41092496365
3523,1000168.0335214245
3524,328982.5643580457
3525,568460.8931497968
3526,798801.2429640706
3527,514742.28954912693
3528,835353.616887548
3529,332013.14079110953
3530,525951.5782951709
3531,656678.9087457889
3532,686524.799766589
3533,960928.511032568
3534,982887.662074175
3535,395649.4774317106
3536,668177.2623140771
3537,356213.7722631695
3538,840757.5925377873
3539,564264.4152865327
3540,1168044.9167746298
3541,499504.30247596593
3542,380294.20341220446
3543,330258.29831023235
3544,426212.441537442
3545,559482.4239063294
3546,412343.8293346165
3547,665337.9330845171
3548,1143184.3877483031
3549,325717.2486574474
3550,568015.3217274813
3551,991484.0056343239
3552,548971.5191213681
3553,829910.3058004149
3554,596234.6709913404
3555,502449.451698489
3556,519287.90589725313
3557,501964.8447257825
3558,289561.7141189135
3559,317062.0428649246
3560,396815.28757346625
3561,395520.5258052022
3562,830247.7098940362
3563,329851.60025167675
3564,733893.9619808397
3565,444855.49759259715
3566,386354.8576953014
3567,495741.7727400783
3568,409900.66140546114
3569,506669.47185713815
3570,581793.5138843246
3571,638822.7798145456
3572,369002.3520872201
3573,521890.0526982303
3574,877343.1987397145
3575,763458.5581133958
3576,758144.6381607521
3577,246745.52704861344
3578,462724.83766399755
3579,406050.5899050855
3580,470571.50580325455
3581,845429.7348909308
3582,771772.3090434985
3583,359989.03468553897
3584,734031.5543037453
3585,496039.7552353267
3586,252165.3744209846
3587,544209.065828381
3588,230908.00064587375
3589,374960.29284201004
3590,548555.4184633392
3591,633329.17306781
3592,680226.7329489447
3593,513271.3268976453
3594,341819.20870374166
3595,600363.9665120251
3596,437007.64920771203
3597,334772.41490715725
3598,520577.87634375156
3599,387365.32036822534
3600,511320.9316749285
3601,538663.7612719267
3602,805527.0098854803
3603,519291.8024314293
3604,702506.8075393324
3605,729736.1956599656
3606,241979.3363073403
3607,1136704.3292463166
3608,771171.5959221575
3609,298107.12327799073
3610,357265.2315648945
3611,424092.2996961954
3612,745460.5468032022
3613,274799.76887704653
3614,527951.8964153263
3615,488329.37440174114
3616,241785.7970082483
3617,356315.40308940166
3618,292968.30894307466
3619,540672.5528053421
3620,304947.4316647048
3621,555375.4890723295
3622,374375.5438022779
3623,284421.1805172707
3624,539784.9532451298
3625,249634.0417560001
3626,590198.2936647426
3627,615060.5245640012
3628,500950.10077635
3629,334068.4406899495
3630,1115283.6147364168
3631,952697.0198481849
3632,525857.7640841891
3633,1143504.49262462
3634,358904.27204180585
3635,222483.4716532463
3636,641464.3516727549
3637,611713.3856163952
3638,338639.23440928274
3639,632503.250962764
3640,549723.7166688736
3641,265179.7249447872
3642,224992.64946147735
3643,876245.5703597411
3644,828505.4563555468
3645,562721.9771935771
3646,388074.6607077362
3647,533922.2106247946
3648,548640.4062563523
3649,767445.5544807548
3650,698804.2716784065
3651,522832.8349680995
3652,426655.37827243167
3653,344330.75429455825
3654,796430.5603195701
3655,702602.2708868963
3656,291531.012137798
3657,505551.2847965637
3658,549553.5597086821
3659,427539.5043103239
3660,616373.4064795279
3661,801640.6535037877
3662,560504.9917609137
3663,410777.1052981662
3664,564256.5839279406
3665,495610.0337332612
3666,597917.8173251094
3667,413446.50300151674
3668,303444.89360549545
3669,367091.1632915631
3670,519952.2897263001
3671,481337.49241986114
3672,95738.24330294743
3673,456920.7703554382
3674,487101.3000548394
3675,280510.47739633307
3676,844526.5301972271
3677,738681.7788791131
3678,361249.7451769121
3679,135918.8222375363
3680,522567.1140879493
3681,478092.00280753186
3682,329678.3149385615
3683,1112579.2846277086
3684,673288.9752843846
3685,743540.0313434735
3686,607375.2835156394
3687,253369.8687926886
3688,311633.1845765185
3689,482168.4613658635
3690,542205.1907718981
3691,716876.2316870007
3692,758610.8763013219
3693,291228.99998105504
3694,338404.3965628421
3695,285422.4882909305
3696,487038.63673898106
3697,477138.52667952015
3698,780883.0741471944
3699,509929.32208629395
3700,526343.530203605
3701,851423.6127231782
3702,470232.73339196795
3703,528570.5128156667
3704,634600.3194532113
3705,454177.76333864225
3706,1093495.852376863
3707,694528.7068165604
3708,663079.7905517574
3709,306299.5425325313
3710,445549.21918223944
3711,710230.2184548124
3712,471388.60233361763
3713,528979.3330225894
3714,426524.2867209874
3715,390163.41092496365
3716,388712.1473814226
3717,534529.0485525567
3718,605542.1169801797
3719,725067.4484065275
3720,513049.45560371416
3721,590793.2530643711
3722,592717.5493301032
3723,762302.380976687
3724,264378.4559890727
3725,356315.40308940166
3726,384336.3604962708
3727,647153.7492304189
3728,338370.89431551134
3729,446751.0648162315
3730,542708.0195420899
3731,386650.0610705622
3732,573408.6106726415
3733,330334.89365907107
3734,769358.7917038285
3735,684597.7710364087
3736,482606.9428170674
3737,472064.77235455863
3738,281142.728882742
3739,319134.14528619876
3740,751346.4786217987
3741,495716.1298434997
3742,495681.56756471185
3743,847547.3453870526
3744,678614.0140245988
3745,562746.3563143092
3746,656111.9507931105
3747,278211.67470716685
3748,332320.8773286012
3749,472020.146138714
3750,1471355.280174407
3751,363282.64062370337
3752,247772.25301028532
3753,383507.49254715693
3754,478988.48999326414
3755,483319.4730538671
3756,358103.8242906446
3757,375947.30199648585
3758,548410.5810767353
3759,618195.2281846026
3760,1471870.542620304
3761,538295.1462313299
3762,796571.3088419584
3763,684797.4038248786
3764,525878.3289610351
3765,485989.1194277219
3766,254397.34624899962
3767,810171.6042938933
3768,295575.62000164663
3769,566640.7769843152
3770,633152.9386685814
3771,335018.4987083798
3772,651508.1550601278
3773,504077.2682795766
3774,643188.4140237628
3775,343789.89228683186
3776,650266.8600932613
3777,323877.5904910023
3778,402396.5051004093
3779,414608.8045057223
3780,268999.3898080572
3781,725399.6782060147
3782,696330.4539113841
3783,541431.7140472574
3784,548692.6095505251
3785,576989.8492951758
3786,485932.0918573787
3787,441749.9692003339
3788,356865.3907238115
3789,312252.04233467265
3790,361234.83666252636
3791,360505.46019159385
3792,738604.998041927
3793,442010.96086798556
3794,618396.3021789544
3795,671414.0972899689
3796,411598.6906801896
3797,155346.31302173302
3798,532599.9842195718
3799,361890.3009382237
3800,691062.7870515082
3801,523879.10145211814
3802,265779.2433879179
3803,249128.64820018027
3804,548311.2267930679
3805,236749.7359841106
3806,512328.889303254
3807,762630.160124497
3808,664324.1476583963
3809,374895.66965563234
3810,605173.2521235157
3811,466787.22780015116
3812,571333.6241656698
3813,607584.0370473266
3814,695249.6381747448
3815,899188.6819443376
3816,376658.084335824
3817,314798.4194977551
3818,452415.6097753674
3819,368218.28569855867
3820,497987.99480506167
3821,484941.93205684563
3822,636564.6315725577
3823,352427.89431401005
3824,825331.340349642
3825,439729.0409979933
3826,542507.6058366259
3827,331547.6397251821
3828,741979.1453750816
3829,682538.1885202607
3830,757719.9237024774
3831,497161.5087965533
3832,543423.5010402906
3833,541577.4031264072
3834,209843.5000155988
3835,497004.41420362407
3836,574131.5343937386
3837,372252.5436050494
3838,747540.0558918447
3839,334186.71375562163
3840,490175.3609500428
3841,525307.3785147679
3842,340575.4167150783
3843,552198.9870746857
3844,394241.1822464254
3845,409092.6345356835
3846,491827.7559907438
3847,352824.6699287733
3848,489082.203266523
3849,267372.208430059
3850,196179.53538875974
3851,984885.9762746461
3852,801670.3271102065
3853,734301.0797576206
3854,736447.2703287335
3855,657960.0103079496
3856,558907.2823240319
3857,651800.2884710995
3858,1170110.41654704
3859,839151.9705936403
3860,960740.6471737984
3861,224749.14750142436
3862,456865.5225261559
3863,579345.6338167917
3864,875738.5569898414
3865,315142.1244673638
3866,359290.28427322034
3867,644592.4413953013
3868,818068.8236886903
3869,427938.1081701826
3870,450771.06102792773
3871,478356.4667729227
3872,829837.5408097175
3873,716915.3197015831
3874,331765.745216145
3875,620813.954125762
3876,1045477.6778393425
3877,182545.74140890286
3878,590869.6165769426
3879,821834.8332968896
3880,296951.56925919134
3881,756803.5696382364
3882,627036.725036335
3883,662927.8257188849
3884,509007.16164345643
3885,750631.1969966029
3886,718269.499871318
3887,581622.0128653935
3888,767297.0092226623
3889,692986.3280213266
3890,410423.9688781622
3891,679444.097601688
3892,253498.0611358765
3893,408494.787706367
3894,520744.15311942884
3895,296874.9393184638
3896,598888.5468636861
3897,367376.6259409493
3898,523384.62325926445
3899,480220.9990039383
3900,441996.4519202956
3901,525929.1006329537
3902,566572.4304705571
3903,638408.9997991783
3904,383271.274605585
3905,515084.783832841
3906,755561.6098851974
3907,359790.0515454202
3908,363895.7970589268
3909,538406.6289223178
3910,652966.6319318471
3911,1014464.995480991
3912,513513.87502931955
3913,506856.8594747702
3914,765643.3149363576
3915,543876.5535842823
3916,476690.7936261721
3917,657470.5833458372
3918,828332.614549845
3919,370947.72812515736
3920,525803.4018737206
3921,314960.8621937352
3922,546071.0863367078
3923,845474.6949006564
3924,569632.0630018038
3925,265646.795400404
3926,447589.820098988
3927,383697.26810972096
3928,467215.09018967993
3929,761713.0664249407
3930,468216.34324961115
3931,206079.32128921986
3932,391721.7969723811
3933,510152.68909910956
3934,525397.0111350414
3935,523384.62325926445
3936,388144.74233147723
3937,778759.7415119926
3938,362388.62405434705
3939,403881.451348872
3940,448903.02624881134
3941,431613.24479760835
3942,273968.0295061588
3943,497334.4180133149
3944,649710.6037034265
3945,577301.9001789192
3946,371743.3842977595
3947,772784.6234837282
3948,249421.6057569908
3949,298657.684146053
3950,586869.943165466
3951,453008.2288049812
3952,418105.88173273305
3953,621680.1360709134
3954,488014.6543336621
3955,365452.17039564764
3956,500363.24150624755
3957,543495.4414637289
3958,676612.2814093928
3959,473713.65439585154
3960,450157.64533431275
3961,510095.83760022913
3962,323230.74814010866
3963,572710.3881716495
3964,722141.8093716088
3965,477557.90482521197
3966,215509.19893354565
3967,484936.2371222804
3968,1105623.422454666
3969,559780.2536569659
3970,546363.4062842936
3971,758552.8575171542
3972,565934.5546682797
3973,424954.46900558827
3974,462739.77605333016
3975,529245.7017292428
3976,427736.72903375496
3977,381973.52727720654
3978,448500.05896795803
3979,432961.64371172467
3980,356743.63817211974
3981,349289.1184430288
3982,360056.1452893445
3983,634187.3362513401
3984,575519.4715787019
3985,870679.4060844048
3986,343947.27131464897
3987,492410.08295030415
3988,300311.2560172393
3989,298587.6540104323
3990,617681.9946827092
3991,431748.8431128425
3992,612260.5852918716
3993,854608.5794263387
3994,614596.7887827582
3995,342320.04186329996
3996,328999.32037229964
3997,562129.5218958384
3998,642011.5979010646
3999,395750.5822008341
4000,489090.1978101173
4001,444211.2641273083
4002,305152.7546319006
4003,315978.11598108587
4004,682394.6162225371
4005,227711.1049603892
4006,448821.12164792
4007,465614.7366645128
4008,422477.2560949661
4009,365225.05022751243
4010,456597.31948834116
4011,546784.5838339739
4012,471916.39264271443
4013,262102.88953168635
4014,719153.7520463337
4015,518941.8172482465
4016,517049.6096902398
4017,368801.03403919935
4018,542263.1482240238
4019,512084.9450298999
4020,1226895.3925958248
4021,529911.936024429
4022,468041.47201081685
4023,582916.1435835189
4024,475635.5425574954
4025,311214.175876225
4026,1046451.4231226025
4027,699737.9691201501
4028,656968.0476625325
4029,440969.71866403695
4030,663903.3197103254
4031,1000634.7304889238
4032,705209.5117743841
4033,869586.8099272767
4034,329930.37667073857
4035,641730.7062121285
4036,386950.2826992525
4037,623144.5642198762
4038,825086.5337103601
4039,539092.2456311048
4040,581563.772183855
4041,358476.6378868427
4042,390969.7577440502
4043,1184179.1611043436
4044,371026.0334485115
4045,419396.810501047
4046,543131.0698429961
4047,518187.0089859495
4048,452385.4456729143
4049,473599.63293505914
4050,367560.4005826979
4051,701811.8622442095
4052,525142.1039632766
4053,520171.7922947956
4054,1317137.8873933123
4055,611498.5789226156
4056,701358.730130313
4057,369170.2027901956
4058,488342.92901925615
4059,466438.1514099786
4060,732750.853853302
4061,297436.413145511
4062,542586.1610030325
4063,619395.9094402576
4064,474924.68436675286
4065,775160.1495785157
4066,330290.05674854317
4067,741289.7701820235
4068,478284.0468190149
4069,704633.2204465282
4070,206488.34408218708
4071,632150.9995929853
4072,436341.3084355479
4073,456734.3034378728
4074,527028.5503722792
4075,330793.8994051797
4076,337468.0945688976
4077,587227.5106231564
4078,1150266.3451798633
4079,476672.044044634
4080,478269.41334010765
4081,444288.2830643653
4082,1095562.7087869204
4083,344028.5413138445
4084,587310.2606244083
4085,758483.2621825971
4086,394126.43889806437
4087,435482.7285907479
4088,397125.07422676694
4089,450872.43454823527
4090,481023.8072568362
4091,468651.32615445205
4092,470234.91848079243
4093,1109188.1764161338
4094,543613.8171747302
4095,408244.512835072
4096,351091.17624736077
4097,334167.53081813874
4098,332939.4140813815
4099,384010.4585364837
4100,332940.4715687875
4101,278494.7454883487
4102,327276.48345892515
4103,370697.4793360756
4104,797568.9194735917
4105,713869.4742528877
4106,614807.0186789787
4107,488550.8344871719
4108,357472.66568707355
4109,703033.9867108685
4110,269624.5916674617
4111,561627.3195448862
4112,374012.08461677935
4113,713634.80201512
4114,357262.76530401036
4115,435618.2450796785
4116,524190.3770324179
4117,311306.5279854665
4118,463606.37213417666
4119,349525.93241167575
4120,721864.256244903
4121,366310.88464640785
4122,304412.8907699053
4123,702216.3845922403
4124,726345.4698969614
4125,372393.6286790564
4126,533491.341926989
4127,557399.1711418498
4128,697475.0350228127
4129,654914.4497915923
4130,244045.90139827156
4131,533291.1236826088
4132,422738.52330996236
4133,507393.5050641077
4134,941442.5280493491
4135,807120.2268645412
4136,861001.6697407214
4137,416316.4838102498
4138,451346.0133173446
4139,301709.1689372874
4140,462486.8010652743
4141,671441.6112241021
4142,649234.3275947825
4143,530746.0740371639
4144,543038.0858038599
4145,479872.2066365375
4146,379864.61071804934
4147,396653.4055277482
4148,543896.4950075368
4149,496773.62585384154
4150,513270.42769745085
4151,868163.121924581
4152,544298.9918286126
4153,389280.02177439426
4154,487506.8166433247
4155,485226.5458024943
4156,425448.60477256926
4157,395496.7891787103
4158,353185.569348134
4159,656203.4357998909
4160,669574.0127316216
4161,170325.41652959504
4162,349051.6902858082
4163,466100.9080415256
4164,517322.22804661153
4165,483597.5203460187
4166,492406.7858829243
4167,534202.9930394968
4168,578999.3524553046
4169,468701.1607861034
4170,902455.1374933558
4171,500660.22042689193
4172,528631.9146176592
4173,301982.2947238999
4174,454286.1380085009
4175,761802.3042375192
4176,558324.8320193277
4177,1288201.668327426
4178,580942.2085232601
4179,852726.2661360772
4180,121077.76726639329
4181,586367.8580010076
4182,422081.2226010337
4183,1058823.5880506656
4184,411649.1576473701
4185,316534.3698873137
4186,571539.3178588599
4187,857749.5139498555
4188,631938.2749742558
4189,330297.422369726
4190,466539.4106758763
4191,470987.50795107434
4192,560151.4555468594
4193,546710.4545962043
4194,811647.1228795664
4195,996802.201920744
4196,893904.7259475279
4197,545937.3576455333
4198,728354.7792540916
4199,487037.73753878655
4200,476318.27767634776
4201,456975.82441668265
4202,434421.37517292635
4203,537139.1964996335
4204,890840.4814850453
4205,535070.7581825932
4206,671596.0695410194
4207,382882.9424561222
4208,551339.1074818458
4209,845749.0220185653
4210,453668.1149068661
4211,878467.4697011013
4212,580448.1058583431
4213,593573.9684337636
4214,695270.4945348131
4215,1046200.7425643676
4216,1318520.8590364049
4217,480283.9591016149
4218,538511.7003443694
4219,608655.8118576909
4220,517329.65782440425
4221,454500.4275284821
4222,403951.9458574213
4223,498836.04654555407
4224,1298080.440048382
4225,775209.3058558155
4226,514779.0067378772
4227,512283.5275823396
4228,538512.0000777675
4229,354681.5300042434
4230,993850.9615234458
4231,1044780.9692139775
4232,426186.4877228308
4233,515825.4932789393
4234,808126.3639668317
4235,962069.5804812509
4236,228228.14167514723
4237,502893.50456984475
4238,568886.9008031642
4239,745711.8059446685
4240,1279977.2428468761
4241,393449.40260134864
4242,979203.4312413039
4243,857315.8301064891
4244,605243.1229439711
4245,271429.61118408793
4246,360849.8150566084
4247,361512.9451007735
4248,430741.6098645305
4249,451907.54072198103
4250,1022794.2668580536
4251,381674.5139833051
4252,590991.2121633128
4253,502834.78739943705
4254,514662.823412002
4255,351547.60062835563
4256,529935.1989775369
4257,420143.0687091068
4258,652999.2935649396
4259,383186.70855172246
4260,270740.4102540979
4261,941272.4286116087
4262,639933.502638247
4263,385032.99922804284
4264,405650.1649002796
4265,548571.1082344735
4266,535629.2818877646
4267,613449.0047548957
4268,601901.4482366877
4269,315499.0875182552
4270,596468.7175970877
4271,790286.5802065704
4272,507987.52950596705
4273,401807.87357984454
4274,574813.1858614949
4275,276408.0675443434
4276,624491.7569970153
4277,603425.1238008568
4278,1092825.261142186
4279,487040.7348727683
4280,296083.16929136903
4281,498020.4581870006
4282,297126.44898440235
4283,716166.2302118827
4284,565405.8868585555
4285,399391.6952632717
4286,1224019.4651698102
4287,557279.4563676545
4288,353049.9053755553
4289,762839.7688553768
4290,586541.3740913197
4291,586541.3740913197
4292,535596.2788374029
4293,538093.9837686652
4294,444087.4629733327
4295,259786.0611455951
4296,542355.4046212436
4297,438611.8736658733
4298,503364.6586214764
4299,410761.872993817
4300,1000392.7534818335
4301,416040.57309562434
4302,511312.9211670305
4303,800916.6648704826
4304,375721.19323540945
4305,553125.9696524788
4306,631336.2507499103
4307,970883.712518637
4308,526699.2229379372
4309,829483.6184057419
4310,1212156.8947703037
4311,427238.2090683582
4312,245866.13715029004
4313,483684.6719876546
4314,460112.3841406876
4315,506671.5098653394
4316,761919.0004529124
4317,499616.51862077904
4318,548692.6095505251
4319,427962.880252553
4320,356220.2922317736
4321,457897.62877236685
4322,356716.41762034304
